0.3959346824192966
0.7532273701860782
0.30331094737136294
0.45897886640275365
0.335220202388542
0.6220572288873855
0.4232364487028577
0.5449815076563612
0.1476425029505718
0.023926096523493357
0.5665883296650388
0.26973626854907445
0.5612669909382477
0.010526746441338396
0.11034039812468359
0.06102234563462001
0.1505440359825861
0.41158233176192643
0.21475842230172118
0.48732320848687544
0.37573260770606426
0.546876317968789
0.439438725863102
0.2907136793796587
0.9707087638517382
0.39721339339451184
0.6326933225040355
0.1239443749423851
0.8699130210588587
0.5025226488438642
0.8839578784013913
0.42655632581386294
0.8715936526354221
0.947587210432124
0.9252644110594717
0.37087742309273763
0.4995669298710261
0.18397072395138364
0.8673382909345917
0.5409808877029929
0.09134495416532969
0.7460961942516656
0.9989741856607082
0.273912812604803
0.2847658828773766
0.49016893160776126
0.6813859666390308
0.3825552440512143
0.8389079091733187
0.3726903730538068
0.8761668680256275
0.6273474814592123
0.5331948539248572
0.8070419551189804
0.7222376721072507
0.6807813906357711
0.4211553142548213
0.11485897382099146
0.8224236697193583
0.4497619627279774
0.25235603618991004
0.3524840855316214
0.5876595053277945
0.18169356199119546
0.44633945895110844
0.8132116655225067
0.130098120117319
0.4874617733147006
0.7720062398941299
0.12313098904351066
0.2968415105555138
0.29227810074665406
0.7555361059564397
0.880294281316376
0.5569964029597454
0.6289225034180301
0.25010154784824384
0.9824470944531402
0.614927031827602
0.3239903493712765
0.7402566838794853
0.5461935113544466
0.45801006180894654
0.8225529019618877
0.3966641591105089
0.2245765358382055
0.5064607198452711
0.5426873957380673
0.19264160417543072
0.4642096190940859
0.4060557892593046
0.332831226108604
0.9512319214830737
0.183611612381187
0.3254910123298764
0.3966065672151077
0.2616073455906465
0.5216680676270062
0.020397664875881974
0.15629095545489977
0.5027729149242091
0.40555421830608746
0.035067318232636674
0.28819475861654925
0.8499874114728336
0.46171215410594624
0.3991322859557987
0.5109885353600471
0.6719267810222997
0.47760863827813554
0.9324478026755995
0.29049904490084333
0.8642356053768497
0.0532900557628629
0.6238066309417435
0.24255980268109828
0.4068697332126902
0.6959224494993088
0.23924846619894993
0.5934727200022114
0.040286120231422966
0.7516431602401558
0.3799043865342229
0.18110694433947896
0.6198859831195733
0.05393616094544923
0.620271190287595
0.45434472386046415
0.49864367710476465
0.5554341758988599
0.10400047392148942
0.8186355705230889
0.6396177738161543
0.6015855004849933
0.5489435748196532
0.1608173945776766
0.7439348272202555
0.8858687013636481
0.5614996467435543
0.33254788841047433
0.034547530182906634
0.34940101795738565
0.2576278595971759
0.8241758238019968
0.09347824972984527
0.9402246016549954
0.38028280382154345
0.16100945407497638
0.3385083637559848
0.5294719339001908
0.7811073140597281
0.16416306413808673
0.6752344296505705
0.8188218922836834
0.3047210074480459
0.9711310530024848
0.6049578556100016
0.09825586072475001
0.9670741705483418
0.4054337013556896
0.6951884540347004
0.6022735903289403
0.35980130024542156
0.15823730425472363
0.5037931493846318
0.5843319108947578
0.46750011206668973
0.6490948496013257
0.8833281297911829
0.46550095154473037
0.2420494904999677
0.5181375127795393
0.7249579143801903
0.3472373750825385
0.7698924960400647
0.689838766600747
0.7432528775790627
0.8406020501648612
0.005483127474310442
0.6467463807724613
0.3655632849297335
0.47582242454265217
0.48122617705868825
0.4411820893145526
0.8903481400903818
0.7028820839051897
0.6831757590746567
0.9686913424277571
0.498458670453703
0.7466967634038014
0.8691365817585007
0.7081407239914046
0.3890626186349811
0.17131024077541915
0.913867570127675
0.9360134486884184
0.4532697638208438
0.5334259975792672
0.5787961017232892
0.3001212640063742
0.41694732115547783
0.7873189094918351
0.6113239556540434
0.3946635858493848
0.22444749107463002
0.5868924972767599
0.9702185125646935
0.7561809894977553
0.4425518049266616
0.11370582738058199
0.7657204159543448
0.8744533447349797
0.6235232729278063
0.5205740907792488
0.46168133412198165
0.42061602075672033
0.3660518403704763
0.9273917749261033
0.5946790395954166
0.43207739570020043
0.8996791311675566
0.7123138091730077
0.4985261971784788
0.6932352258978254
0.9759561270020823
0.859750821911445
0.3045987147064627
0.35137311837500024
0.10912253735360712
0.6820614908301261
0.2846221232884931
0.45416461782472467
0.722791722726595
0.373794887858854
0.6344996258684814
0.39725634475860266
0.371757950748371
0.22254039806562492
0.5477187690096316
0.010253806877167706
0.474504538509332
0.634072418717297
0.832750091384282
0.6139159520733827
0.7472876706073877
0.03771210506352535
0.37514737826163846
0.4315014371002401
0.7636806708501586
0.5135873448207674
0.26893296371036113
0.4735773323875324
0.25621626121728597
0.7177947326160177
0.6641639108703152
0.7116375498383479
0.6166353862132603
0.35690678145578736
0.4803952729005642
0.9607886968144322
0.7511773237403131
0.5409602233180381
0.27909326225066017
0.714748773564324
0.47894157434054696
0.8475890308405146
0.4637804885269246
0.5866971357280026
0.7844387542940683
0.30005191579633844
0.7741451004673332
0.793356606519752
0.5678926770617001
0.7653947475739636
0.25665839313619737
0.6604897433395014
0.9176842767325645
0.5766266686775867
0.6723017507901453
0.6207358164497667
0.49023826560156536
0.8159282914321888
0.5975919418553478
0.6149553413789607
0.8561521527785508
0.708857715578107
0.034823155892644696
0.41823492440674853
0.18069288780217543
0.12977736276532117
0.8127835680661315
0.761562934944623
0.6638468472254853
0.9841306641684018
0.010585430869927432
0.6547851131229921
0.4897078199883766
0.23974582179391385
0.2298280597892878
0.7116789890058765
0.7783332994458471
0.5318431135185635
0.546244394249618
0.4145809012789182
0.6096811273675674
0.5394373547196667
0.5784412251367841
0.5673748283139481
0.054631496165443834
0.5140630468495253
0.17858359904657803
0.5612083996619145
0.5256880052258237
0.6576379655397446
0.2045545894264227
0.5081838672369692
0.33747295794839893
0.4541128571863288
0.47039275171458306
0.400343107692085
0.7828935710937865
0.7925522956382373
0.02116603392438902
0.5237237916417289
0.18826783658336724
0.5846535979098535
0.6429730179069842
0.5408800523644665
0.5846525231217594
0.59831797417425
0.7375958080161966
0.3109702860872999
0.5201330864759772
0.6122097066507018
0.19811482885188159
0.4973362180699643
0.20640653375003046
0.8446539944454755
0.9790020314666511
0.03529973892994046
0.9579446820906907
0.7894013616026245
0.1767650183585706
0.006949989648912833
0.08313936000494733
0.585275751447088
0.22669534133663485
0.08224226346432392
0.2742936310155429
0.5853963470965261
0.7844469606013956
0.08708826322937137
0.570570887463504
0.5772443945073008
0.7379708618490424
0.18919248412163095
0.9872023729284541
0.22227952969258255
0.5783557985100368
0.19939623926645808
0.6451356871647346
0.46769399673537365
0.8372785213523934
0.35491111098094236
0.48938258750769337
0.9509275906032231
0.4483484036876241
0.3000706371565971
0.3804542417523993
0.7039816365378448
0.4558852154693575
0.32516662198924434
0.6280573129660635
0.5198107791503281
0.4263253689088737
0.1927792805101031
0.8607959467269166
0.8254139168345634
0.2362463619864478
0.1786833295792438
0.25589887642467873
0.9924722689494291
0.7787527883434007
0.37364366800114257
0.8984590094167645
0.5115435855902891
0.6580763533494518
0.45118883902085294
0.46254472095606924
0.8966782638009458
0.598025415716822
0.008762020707448137
0.4548856501195499
0.9331698150667329
0.5183943864445352
0.8552708771202153
0.5935164036076834
0.46883778743710686
0.5029144101730423
0.20581810905539788
0.8019429669658574
0.560787915167369
0.512314382181499
0.34783415877848745
0.8267932318795118
0.8872441828997549
0.44997467684138787
0.8329666265080711
0.6499845015923101
0.2668985911316689
0.3458085707944106
0.8628147918957787
0.7962047546401381
0.8021481621026466
0.20958412380348793
0.36415415915938604
0.4928531305713649
0.5004863572579779
0.4384772462595168
0.5994659371754627
0.33878389704093026
0.8858549424088181
0.4330772389039732
0.5060794195047138
0.2155281665132258
0.24820499096890708
0.09508071189180523
0.9450323663131962
0.3299109013679112
0.1303634889455122
0.21497192299815207
0.9511197702167119
0.43741897080440234
0.16025043121033547
0.6589293735328846
0.8081569827841576
0.5445992760221101
0.42203088347408835
0.16229958478214374
0.4382257194746659
0.48606508771658163
0.8582208824936969
0.8329345746958123
0.5217419447628919
0.36473514224878234
0.2011204435377392
0.9942671874556815
0.41449877954848635
0.7083172930877395
0.4389972562728868
0.4654080656902691
0.45542063708475516
0.509825957735195
0.4871823312617032
0.34622454390810276
0.6552335793926157
0.5739220701894601
0.6716840144657654
0.4984284166649474
0.5202505781377773
0.5346928778781894
0.49699109443871375
0.43379264619437685
0.0947582379544127
0.9103562860365951
0.8807820515785235
0.8487481089505957
0.2425418441813595
0.28534700542189007
0.9715122761849027
0.305671433176633
0.8494291534341183
0.6390579586036776
0.5799609612271156
0.8062390228736653
0.7117080369904518
0.5687013644737531
0.7959286867868772
0.16227556665228968
0.4159676300465403
0.7750872679322893
0.5870586582609131
0.3514207147030176
0.43700968661153106
0.1685383803636401
0.726106160518066
0.5576498109785618
0.609297996530819
0.6957695969780472
0.16694362752101397
0.6120535256907934
0.08035551084723254
0.4137057671276561
0.7119715501455858
0.5372915487128188
0.4875098920248458
0.6145815514966693
0.7307686810564377
0.5247153647053193
0.6075366215278626
0.5113319408469293
0.6156461810442627
0.9813591423041849
0.4545627228565406
0.6966642511298875
0.57525758631603
0.5199971696769713
0.17593076286830223
0.19564038288942084
0.5577807833761299
0.6524348048364872
0.48360235154416376
0.37570804916878037
0.4318567356950188
0.7549123421429436
0.49293343590141125
0.26160162368015116
0.24302213063049022
0.727587367717621
0.8392336112540386
0.012122663569882062
0.4024398392803952
0.2781608705343116
0.44794449504409295
0.35260824696029236
0.6074360030733754
0.4789498408572775
0.952775948824802
0.3441572861984727
0.5543672289407809
0.2581427083870429
0.11962814981517814
0.2927711728936361
0.6745804370873048
0.5003325283679881
0.4936270836211833
0.6201031670585926
0.16156717972954623
0.23583475129293163
0.775876731595659
0.2930063972700291
0.8738469682761635
0.7953772272408866
0.7002016135324649
0.22758862134509064
0.37758679216270136
0.09857487571730371
0.3948408961212999
0.6766067562427024
0.7864970075181514
0.7172523854044354
0.06523125225414457
0.587386647886943
0.4237171845990541
0.6422046711152772
0.8664764924506971
0.5774954262526428
0.34189216797428323
0.448936583546649
0.9673429799013958
0.4013077037333852
0.05778443242243708
0.4021672001493989
0.8490383259010672
0.9770618875311358
0.012137436472117468
0.24203508717575847
0.8959254851376381
0.6485680266449765
0.51491326326498
0.5414752993839063
0.5508646685736883
0.23392991999439933
0.7836867672230737
0.4806906761343503
0.8171842136733459
0.3822578469688128
0.5424501019893497
0.7076679136326943
0.46279434649024576
0.4570594752345728
0.8208295574577054
0.22005172814479862
0.673498038788218
0.8646825675376859
0.07788418689568431
0.5101983246999114
0.4346299168319604
0.4746616865869401
0.3518614610825724
0.588999511003532
0.782739790476819
0.7716858758230617
0.009318443916864748
0.36848079539283246
0.4939576915700566
0.0334670951324139
0.4955436464243832
0.4354104693015893
0.6993992099410313
0.4147379585572388
0.053255941943220905
0.4806320595662514
0.9901524970638905
0.08788037657757972
0.6254620052101265
0.6096781137555203
0.009306290750856221
0.30973112314247847
0.19892620796269134
0.2989127061773069
0.02770283175926385
0.5177297942208209
0.5892587779986399
0.5145691304550222
0.04581511173346409
0.4541510977114808
0.47755975477434465
0.782154789816212
0.8536577030368552
0.6595278625008493
0.9561063561175459
0.340758868691197
0.47797695829265224
0.2796565587003533
0.3662802826374131
0.7340661109533689
0.9582984275863609
0.4481139815743994
0.5141197781711374
0.5806074005983922
0.811236105271867
0.1796805913635463
0.4630195183307633
0.9970178349332653
0.4855097899366602
0.6264025728134412
0.38216322865745717
0.12167826934072865
0.54013390341505
0.4918850156676267
0.6663457218744236
0.039255040464047396
0.6061012704560357
0.4314735388597516
0.5877043668144489
0.596978161993625
0.7341239706464084
0.4606928587343828
0.6411818270916816
0.4161998031440101
0.9700133535831925
0.3888293229618043
0.04043288301433182
0.8412948130623157
0.5664961568708659
0.6187758521184151
0.9102925304850621
0.4923231910651244
0.5972929919633511
0.8625171913694127
0.02665008548119444
0.38384522263092374
0.3878433020248987
0.7416340733669713
0.6213587732890458
0.6168471202949303
0.6583612392642944
0.46241884671755124
0.9410646529602419
0.6412193984456934
0.7382135268616102
0.5900936396730802
0.5188456878624871
0.525256416015472
0.3714902673701876
0.2500676028614016
0.23564818976142543
0.6017806987252705
0.3685492153231313
0.46934290953415325
0.9156310620598083
0.7525496544268105
0.6519869343664164
0.6030501105931534
0.8449598132704409
0.0934595306785693
0.131039932494027
0.6460053599072687
0.4861831867163225
0.4909938066312509
0.4980166415763021
0.5930212066574069
0.41702752067441196
0.25031241688263844
0.1730299444622304
0.18864816239741783
0.7867060998839155
0.6290548669776157
0.25537109595097074
0.3584913833480662
0.3372610818127291
0.006377757065740939
0.2458359187892524
0.6914978618453428
0.553483097221026
0.18858851571343432
0.9832344496515987
0.5299356203776566
0.3578855912036267
0.2545176954140963
0.5159605673839077
0.6183803315401682
0.5377224213585646
0.3524582470255897
0.45305205390979025
0.7692419103874873
0.05745244505049745
0.6788581040661295
0.31495383387678266
0.718548707967234
0.662273174707788
0.3334377640420372
0.8002268977504291
0.06934335189951586
0.3847195592541308
0.3638371172930232
0.49456668460192416
0.9188392029044535
0.19890475889622203
0.5139211732746203
0.3368117717644523
0.5589288668385768
0.2711152781576612
0.5256718381112788
0.23003777938746967
0.8972206943074599
0.9867627214823772
0.4297149597549901
0.38269284667084996
0.6096740185892463
0.12638346660138106
0.9492737367108096
0.33558418663472056
0.6391808615490643
0.8074896117714901
0.532307358523569
0.2022051009074759
0.7575506768466436
0.8965766323540041
0.21288554064128015
0.9666012587262259
0.1159012994106915
0.6654473988019873
0.6008128268797235
0.20432046854265273
0.3078793494730501
0.5362892845768401
0.5562343696372342
0.3684119033713166
0.4982750045605192
0.796468520106506
0.6592637334298713
0.16182709035206883
0.7692843322470071
0.32905562248952075
0.10998676565013756
0.1746415666309282
0.5100213114696625
0.4306622665007772
0.8569196934233314
0.5090170875918076
0.08797836631087695
0.9752159485348268
0.8680849529410879
0.24065657613133415
0.574956732558722
0.19110339200919893
0.14661163931897203
0.1602284172699201
0.623597760182599
0.20392234036052434
0.7905840013429355
0.16884794137073678
0.8534682984729464
0.24234768623270425
0.2907902860414517
0.7098634933381319
0.46884171097961647
0.7671146365700807
0.18034900255280348
0.6583531821671674
0.34306488317251843
0.6157563092106848
0.3167808576438752
0.6303163710522693
0.47696091527180734
0.07052641543124538
0.38017331617926053
0.45346925756606093
0.5629998476287189
0.609335043140369
0.2085107324243323
0.19579009381694956
0.40600550270770513
0.8507915617345068
0.34352210700495295
0.7827806736051285
0.5006431633670438
0.8577166101033625
0.1618706697901514
0.23602512218687038
0.6491915245911001
0.39810080908134904
0.5406878817244193
0.512818069621978
0.9917283887142374
0.8943183646270287
0.461520220061562
0.3190295034851282
0.21240705824976386
0.4099704674765914
0.3050859621455902
0.26565167477467827
0.6778991211763225
0.3095017700800414
0.16123716672915708
0.13571859462935104
0.12217687831410064
0.6737123030830229
0.7931140479694829
0.8612500817456793
0.11402414645086631
0.489808212294707
0.048388592126510234
0.23828566308013005
0.9634214138434734
0.49638994014881904
0.40366588395990793
0.8155847504598837
0.25496594112068766
0.7920023287625659
0.04535400033649186
0.304895587499842
0.4749265060346397
0.6719786830466
0.32612112602752447
0.08824183512812538
0.5588078871808845
0.7930054258161849
0.10710804843710986
0.4883212106643309
0.7975668504753967
0.7076283935133842
0.8336254258100615
0.3162274498549168
0.545510986586332
0.11665934200419664
0.3896729585579709
0.7730835928738835
0.5466390994554614
0.9277262592206728
0.27144362926208887
0.8762791770008322
0.37271832362551566
0.5809073815990938
0.415514298029091
0.5429588121167171
0.5721344430551385
0.1924805310366513
0.9556084500529304
0.13660107195983723
0.12154435552113922
0.8690508137781486
0.24919957530245473
0.031099050459782545
0.049185129167665737
0.5009855205790145
0.13198272963630175
0.09976758698006265
0.3582372110381097
0.06771134516009777
0.44704513309649907
0.7218135059480522
0.2977702658934713
0.24153556721707545
0.9696018014868696
0.32721940244911235
0.3681878833313936
0.40239039106352914
0.32946491758744
0.5164298405518908
0.10964389250910087
0.18397045029860917
0.7149428778595052
0.5703753335332596
0.38977497928699073
0.4578930323777111
0.49823006951096926
0.5656986375578568
0.6912209111068749
0.5512231439980243
0.17805119781776782
0.8022827525560071
0.45986296301557217
0.6293505873838477
0.4946345207322103
0.8318041649745302
0.03908969673506318
0.520409823260691
0.41671071532635234
0.6914345225584446
0.4740739315015176
0.43044404899677513
0.5640029228294603
0.2922960911873304
0.48197900395040316
0.16291247092726713
0.7572448989409698
0.5004593078150137
0.9219074504829661
0.8412225159031876
0.8315728145483325
0.5087493382588845
0.5848427041506088
0.2393902147293732
0.6782963435557379
0.3476114702396814
0.46556971051819224
0.6593932760369732
0.6455765835850065
0.6398245843132648
0.5030275308857061
0.5195479700542709
0.2834941801477306
0.0628005682718996
0.42872444334366017
0.5345878165616466
0.11715906301331204
0.9662914624505116
0.01774468833137868
0.40517921088914066
0.17401609596487197
0.5704963764904283
0.21258465919376796
0.4971861314520571
0.6092949716677701
0.054692542595083916
0.9539609530881102
0.7139206884648037
0.6959908020458795
0.8352515153587761
0.9277698336374768
0.15392899381843675
0.28062857115927775
0.9335387883146326
0.19464381398433195
0.5990944531171923
0.04976637436562275
0.9459035055873813
0.8922873306032236
0.9589166589865574
0.5790545541173171
0.5548276385172499
0.5043114737069122
0.6624514546991692
0.22844483938434895
0.293035809631539
0.5835188189623925
0.3149441030746073
0.8214435345208422
0.00013943813216780424
0.9885487056464068
0.5118398020560287
0.4843534556312143
0.7865010591714302
0.7731664245169334
0.8043044152404449
0.39288833799041173
0.5212177247634796
0.665181415371884
0.512737135214405
0.9763685100329537
0.5795486519478567
0.0060635462484726925
0.37588021163753377
0.7619551867751346
0.22788123797235552
0.10937781742080259
0.4605590875941173
0.7171755357720138
0.3537530973288235
0.3629664809632445
0.630677497154071
0.8253910119096458
0.5443253902792945
0.18560808742445076
0.5344055295603911
0.7189209716878943
0.12791949466529925