0.013469489612796533
0.6754974398999495
0.9581086099064249
0.9172917981827194
0.8998132261908146
0.900597054972827
0.9941424999939458
0.9958407664320463
0.34905116068469394
0.34866523859887244
0.9711901295951956
0.88287903064048
0.7048524507102065
0.6018793469279354
0.8128530415995424
0.39022412709373133
0.6514025175091189
0.9819934258320552
0.6443993830104711
0.9998345228574569
0.1101809124539296
0.8637782771888616
0.9078290008061722
0.9030278644658168
0.5767332205183743
0.9314717952940452
0.4474980575104761
0.8180339817376647
0.7896187893639792
0.4075847365108757
0.5723467613631223
0.9830727189803092
0.30611112728348117
0.5638825644575858
0.7477751656467891
0.17713939606693682
0.977505192276211
0.11421647275774284
0.2774508404644627
0.9952844050142119
0.5204511314745682
0.9278981935054311
0.5313538268720789
0.7653212802823934
0.04977457713027536
0.9998656452277976
0.17938438803189685
0.9856361988007035
0.8636767532467686
0.24405871158172446
0.8291997111269073
0.15960789167359407
0.9934670502722625
0.21156993915610628
0.6116567870675186
0.6137930048966964
0.26346563029786574
0.8184249616495766
0.6385153542417366
0.9507305969253254
0.9266826798044832
0.4117589079722699
0.9846441924579774
0.22642310425533063
0.9964420112339374
0.8731465041471138
0.6322474369466239
0.9573729212367306
0.862238021469495
0.6278470027875317
0.9413564386794481
0.7968269542173732
0.6569012507274695
0.8238373152668893
0.9933951617242059
0.982768809039132
0.9166003292493536
0.45107509711535093
0.016710936504886385
0.19326519492199137
0.9032869113411465
0.9566808055209475
0.21509717923278845
0.48671021871205455
0.9561531879962627
0.8757970948816689
0.9858380627470954
0.722230883702874
0.11452312868052332
0.9931554671528682
0.9653024056311138
0.9710942363421414
0.7101742649713207
0.7865696662226079
0.8449612130424625
0.9478500360709433
0.6916464737214437
0.9766693676710011
0.6173676112633516
0.29328816039612543
0.9999923592662077
0.7943609837979971
0.6697122441271599
0.9528110548091906
0.5172389510466625
0.9803696836073691
0.1140095335112735
0.9961685489206139
0.9681566434687976
0.43105900675202513
0.2614938569308502
0.3440560338563139
0.8216976180823554
0.2876824186916737
0.01705355757805671
0.5692410263181807
0.9833710988453115
0.9439690524155019
0.14282384783269644
0.929115028715537
0.3041920620898518
0.905056972135213
0.6809621581838138
0.25583086628276047
0.8120096494645779
0.5969415292930423
0.984936017009404
0.8092775596935684
0.9999985368093071
0.9161236793837624
0.7567195961678961
0.12725664244077414
0.17363965774527296
0.5049322644070889
0.9590336704287727
0.7402331205378085
0.4384479772840357
0.8180305345610072
0.6300376093950928
0.9524840027622661
0.5731005125623334
0.16392071813441778
0.9125562745573287
0.875900323580855
0.6381132778655971
0.6953254431964195
0.9818627602529795
0.7901941929342163
0.175951764580092
0.9401177550565598
0.17762773460971604
0.8568190370511286
0.9623089991461921
0.2660603883177346
0.957041605983922
0.607291612409667
0.43125736923867747
0.7968329962284091
0.6685622977267487
0.9658983187835867
0.9248693375793761
0.9180864227783173
0.5843227941885593
0.1435088281759173
0.9998644856884573
0.980212453400838
0.9439729278479905
0.9266596273149985
0.8207128450453154
0.9982441286897586
0.09016985655751307
0.9994668442912065
0.20546408010723408
0.8760030866113218
0.8324002308849965
0.7673511985387694
0.3257988076674694
0.3344115151237655
0.4727719170364435
0.9641993194234
0.5724340580561308
0.9994241710877817
0.9389447553526854
0.6254189363203293
0.7544405798976888
0.8460794050201383
0.0677913635769053
0.6734584667196946
0.9945673517754576
0.1278597188990198
0.8032594089915817
0.6530807203061242
0.18030747061579824
0.8033909335205253
0.4282514124077342
0.31417124079435216
0.987110630707889
0.7839880337914923
0.9710984347169285
0.22897438442374418
0.989889128847296
0.878039762352413
0.9831891799502923
0.9865423241914896
0.8194962191053363
0.017213196644360166
0.3439298265414551
0.891166349043559
0.992950674327402
0.7259005602574384
0.34566173227545477
0.8073197410000843
0.9737475792504102
0.9866070055575471
0.9984476646678184
0.8965551008677002
0.7964565036485528
0.5904548168017175
0.9734326556630915
0.9343939721588259
0.6094877613671082
0.0840095626860583
0.9999961269054413
0.04591342446631463
0.6524230806078153
0.1543542356754533
0.6267907886112165
0.9604446711128142
0.7492075671763497
0.953176084129506
0.4323318874244979
0.9970023096093822
0.9402058298517935
0.7253519655072662
0.9767649670094063
0.7036652912717399
0.922101108730194
0.12431005680898032
0.9912624931690595
0.5960784386016619
0.8435287935958431
0.9819151489862362
0.1276463635648253
0.7018657794316114
0.8226115520824817
0.6788007475187644
0.724360326215326
0.9533540894298078
0.48810143567055997
0.9562353532595702
0.6265423337558924
0.32707343549059553
0.9062667983899507
0.8499872087623487
0.5885616496890795
0.2730750814341042
0.9810472050256117
0.9315331480459156
0.7272508648546062
0.6879149073383315
0.6838397567153994
0.9956576399190711
0.15517126397989853
0.048314963078140226
0.8020592921531156
0.21003305026854407
0.9985187488550237
0.9140419966124064
0.8667441313311789
0.08376416350137303
0.6668232146924193
0.4676675462655433
0.9939890646209014
0.5435184923043874
0.8935999395945026
0.14218068946428447
0.6190088133170626
0.3521576193929292
0.5216180201749421
0.9482841058239051
0.9944435531977845
0.7822460090066515
0.32728146131716546
0.30905190607232635
0.4943614330606944
0.8928847166164562
0.506125685211422
0.03285296282721339
0.881698090503864
0.6881155608447561
0.6942531997083419
0.9203465487396635
0.9532458562246382
0.4822542278190947
0.5962452223344934
0.2676923083490267
0.999810223123802
0.11854182249455046
0.8713258637454242
0.21318562008258182
0.4388214270067819
0.9359350451497391
0.9974586584585484
0.00953577228922771
0.7806400608385275
0.9968702703782245
0.6130473022463955
0.9936584869124883
0.5811600200234762
0.9990814675735831
0.16521650202810123
0.9937806122770589
0.9789583525704542
0.9263189224946113
0.8737787706723282
0.9997963520142145
0.9722699154749234
0.004509393662763306
0.998894173733701
0.9806547309870993
0.4967198294092305
0.6328986345396304
0.5819557005183513
0.9994015967700961
0.7056718098154869
0.8901097086004617
0.24876293740954936
0.9835486629445453
0.9860542575167243
0.23155501182739516
0.532486739474152
0.4067779709136933
0.9987518317059358
0.9872674328239837
0.8966007350971243
0.999360691568522
0.20936850984367586
0.8186552641401792
0.5227491106062215
0.31721524629076586
0.6309760210465429
0.8652169393735821
0.8815042896380859
0.4198790311453288
0.23045849200607682
0.9854808494432912
0.3441291734294941
0.7530732556081742
0.602822164601664
0.9740720948919374
0.7960942977453217
0.7065005185765151
0.5515685086389057
0.384952571504408
0.8526345992679073
0.5634051321532997
0.3882723374824518
0.4620669027783735
0.9882119650887327
0.4208085190554956
0.8551336230671303
0.9656586611791415
0.13201626753833703
0.7496764043661353
0.9489788661503592
0.6848154039075404
0.9955967304394066
0.5647933456039829
0.8860203917074383
0.24611972693611994
0.7790945573423538
0.13239544001336684
0.9235760964206806
0.31286941065929447
0.9944306075605033
0.8937660084646084
0.838097259055575
0.12996889005238502
0.8879630075899387
0.8745896589011425
0.8627341943887747
0.4480678097622267
0.785596454755136
0.9084307984339838
0.3639904150963116
0.9944122488186844
0.4039297339961351
0.9504537217495576
0.9980956199470317
0.43173149281932294
0.989875667313593
0.42092790013955556
0.5582652559203184
0.2537334476192778
0.9898132648490948
0.25284751374555303
0.9822047574781186
0.9917612456107735
0.9908632137903314
0.30180102353919247
0.32148218633818393
0.9922835624969906
0.9750157432694682
0.9343457748209167
0.8505205064972026
0.8165148068868852
0.9293545901898583
0.1334860953500008
0.5222732726897643
0.7323050794607678
0.9550094801825376
0.1752381128567879
0.6671570535628503
0.2626786521153255
0.48230245813570505
0.3448524951328991
0.9997758766721442
0.9537116199419662
0.9837717488014763
0.07934339323257837
0.8929206696729235
0.5450740912673531
0.9948855108682508
0.9999685428736672
0.1787063697283852
0.8635462434185768
0.2130923604978567
0.43747640737009624
0.5476964129448705
0.8055963533804315
0.5304388963563554
0.5688628102206693
0.9922403316946332
0.8455084406750715
0.08754283809992583
0.357273354444545
0.9069098871173045
0.29593085348301995
0.21631685927002664
0.8297358080445292
0.9943219745193936
0.8326777229951868
0.6578030450219317
0.9995198415808281
0.10290528565912686
0.8530312422491105
0.5747604566080222
0.015878414140602787
0.7997993758174715
0.8579428642918385
0.7411404627565245
0.9628841829914522
0.933860736943313
0.9998278548619104
0.9085529235546884
0.9177080666017011
0.9738133964255088
0.5684191648166411
0.9999974448020248
0.9924795701973178
0.9894200003604074
0.9999931978861525
0.9238839777662555
0.6060694765349743
0.6866780880648029
0.5688229723669005
0.8581821741990795
0.928509659465898
0.9457278356566444
0.3828549548616399
0.9382800603782478
0.5076842943674503
0.3641037291907046
0.2280008418686883
0.8525175510856782
0.047474247815432455
0.9942752173573363
0.817925141495161
0.8527332345752129
0.9884253552083505
0.6647227648183542
0.2405790783837891
0.9678857637702049
0.7849668521997368
0.8024671044572017
0.6168607897893067
0.9886150164627452
0.8072037279837475
0.6009213714846435
0.7781751939389917
0.20124307525234691
0.593108769024412
0.010477204492763306
0.8841705327600604
0.7561292176728421
0.006868031296364734
0.9025434183265456
0.8331356727198611
0.9873623550635312
0.7705111080880179
0.3494422045833592
0.04769759912682479
0.5978052384936108
0.996483940379264
0.73177247013388
0.9919434029040725
0.9995187457000817
0.2408186770263582
0.7259856236181593
0.9829275364282749
0.9759206092178216
0.8215171046026102
0.8078232985019297
0.966216716470574
0.08543012919041136
0.9567558175768361
0.8135277513966541
0.6179019792364019
0.9106379726550359
0.664205988062808
0.42978750829583057
0.9666429391377304
0.29144898038790934
0.046867840776808466
0.8944998349467453
0.9414392862529619
0.5989814847171269
0.3622113828239606
0.9694216447138511
0.9279947132066129
0.41798158953688946
0.36723643540695095
0.7939084476634442
0.9520700843929926
0.9086145020314026
0.9889266604355349
0.9533058623196718
0.8210137639060329
0.8310473518924435
0.37092172925384126
0.9549039088864636
0.1801138441550935
0.28150698117619255
0.9387620635312642
0.7244219434154032
0.6521308359304041
0.7965627667813778
0.9691533491639601
0.9669286056590086
0.7156843455432783
0.3077923486505279
0.5548442406072865
0.734048377061544
0.23551167528594488
0.9231288337235372
0.5457792773690084
0.9899223413730741
0.3127617847732785
0.9192181899836743
0.6525261427261781
0.9821223726752903
0.3881676608050687
0.49175025593139204
0.6153727338641722
0.34990526952596784
0.4524950388691547
0.6406561714510656
0.8015039808381547
0.1405245244395147
0.8310419898580603
0.9982515738529684
0.9280577099453078
0.1825060612190665
0.8165737571564243
0.9994801064807346
0.45380425938287566
0.8870095027307167
0.7942279652242128
0.9395265990521514
0.9985395473747739
0.9545405421450939
0.538118968779858
0.14339238290786957
0.032270982852274886
0.16072486519927293
0.6691822210519168
0.9997552644987558
0.9940933210142905
0.9991976386363424
0.022657451854419926
0.7463975076916195
0.7255163909132513
0.08068692342208389
0.4535691627836696
0.5874931765794631
0.6443806154061509
0.5230946408603979
0.9106421387085275
0.9635941810375183
0.9183416837682612
0.9277538614449055
0.610452942282895
0.8260183095488878
0.429632027809898
0.5035760231551072
0.8050271439249853
0.6441341087289733
0.4079940383863651
0.9615820913773988
0.8988378351022183
0.9308044850223615
0.5780978930454954
0.8357926537943073
0.9887316530310162
0.9973291257059568
0.31956010803897006
0.7912851232515203
0.9657382690881142
0.2316145434056864
0.7033681639821971
0.9737406504542614
0.31066094624411983
0.9512636567343438
0.9954084413824256
0.7346551088414061
0.8959541757086154
0.8702957873365157
0.34644500090389835
0.7456620508878197
0.11148003086439955
0.987544130845845
0.8303058570953701
0.4548240404432413
0.9984445880194802
0.5346064710095628
0.9993374225344865
0.4705812268557205
0.9697647009770148
0.5782405578466128
0.6189874137122233
0.9939099662894388
0.942700515332959
0.6209928263127266
0.773852283119221
0.7492129767851314
0.982749979744143
0.34394325932601655
0.9359168876510157
0.9819751747293186
0.9509155286799458
0.9926308606281806
0.5120277733573089
0.23399374210544116
0.3050555242049164
0.7383789059124156
0.7553141480024356
0.9852143663429052
0.2277947710919761
0.5842734673564438
0.9736743786969433
0.5583857138848647
0.5383687032931151
0.9652547398682605
0.9869015387584342
0.878332571461895
0.9316597264628166
0.05060974556176745
0.9731580751772272
0.8719935545697759
0.5802746895582598
0.06548019524852429
0.06871208231238628
0.5684151670230967
0.8238313193973212
0.8383471830581902
0.9808780863420975
0.8905245379986534
0.819609977030795
0.5686066678723078
0.7340275163495051
0.9506811143367423
0.7133730818079229
0.8114028957085221
0.8470592584120474
0.9832954887482762
0.8466913053847108
0.3717679047091936
0.5215999808465317
0.4208936790634606
0.9690305461685533
0.8536748409114647
0.9981302674539015
0.9704005514985795
0.7597841693385698
0.9260599513806226
0.7016643709471297
0.82315832073385
0.8725237698668258
0.9042173167523431
0.9291261676253141
0.7450801295647941
0.9705402733683808
0.42578463514176834
0.6876320636291641
0.8110667197324765
0.9394254948686451
0.47320028702218325
0.5981371959010483
0.9971517093641266
0.10907436282569788
0.6432578121618573
0.8203664203457909
0.9855613740990885
0.9976667185079958
0.9711412170346719
0.8635563053557707
0.2896191077890694
0.7305854924654263
0.8633820572919242
0.698985834484416
0.925622991798346
0.6694770731807523
0.7794591697064204
0.5075047442213111
0.2986405177951415
0.9816450288639863
0.8758065055281954
0.8953687720641254
0.48078866502648
0.854938965056302
0.9931091987322875
0.9700984311587636
0.9703585686070217
0.34906212309143225
0.9988522863742783
0.8377080752580965
0.7903725690902018
0.58991597190469
0.9115461233578291
0.9161116523249324
0.8767564011190965
0.816096759377609
0.6654211070723455
0.35425099066186383
0.7355492368686266
0.13652377415745
0.981948406570268
0.6058063948815636
0.9278040057371618
0.7950660071618779
0.09104452230302273
0.6766707694706036
0.763987617910092
0.8841569432596648
0.8986800573546089
0.74508782784605
0.5932743054295145
0.998120664123108
0.5868186721979228
0.9452331738175657
0.999425400106569
0.09882783589256978
0.5392988632622199
0.4993538587906848
0.15217225994882153
0.6741528491773596
0.7314042498476744
0.8613940755116402
0.9981345929439842
0.992949031757194
0.6801968632688108
0.9954176724453611
0.2198755524673159
0.36043943521664246
0.32916331233283447
0.4347631382465005
0.9424154269079211
0.35310406147096957
0.39263537464686826
0.8401407513814001
0.981282346845244
0.8892631230431747
0.09981350117201081
0.27180371344729987
0.8202766068408653
0.92709751546137
0.945995368571632
0.7175731505125188
0.015818453310864393
0.906702464818074
0.8705080794159472
0.972970143321554
0.9679882388682349
0.01419870447325947
0.9416744735786394
0.9425386536538821
0.9755702457171594
0.3027343668637167
0.43057084590819256
0.006188872290754851
0.993866422761813
0.9870097704670311
0.6323927192749766
0.8874639500790358
0.9601158115280191
0.3598162121343303
0.9739218671517187
0.8747739382830984
0.03622555194507661
0.7226527405280669
0.8684085108912936
0.8891395164037617
0.8105820647328725
0.9351838563830319
0.6463649438825513
0.9995899086597017
0.5684993303599414
0.2124605826567941
0.9978525519354561
0.8635661668842854
0.3585761264386514
0.9536375775979216
0.9481660121768037
0.8363376832357478
0.041598002475801164
0.7606711963100772
0.7489935323479788
0.33663893649840626
0.8190993410970111
0.6397122616427943
0.34691229735918
0.8156091550898829
0.3159172460648749
0.9892367552794084
0.6424689951870375
0.7732105472781725
0.37687071664803506
0.9995596592306214
0.9774438356785569
0.8643717625160187
0.7308083024256044
0.42201044322991016
0.2919691919900991
0.13948410181738716
0.46989806142810925
0.6717800263650856
0.804617851676231
0.21722247421210775
0.8965660060324907
0.8107400721078383
0.7546957606206985
0.9985642162349837
0.3986487729465956
0.9209961836658588
0.8708461004706866
0.9604854859313633
0.9542367820628718
0.2671267806170902
0.8774187869217097
0.5706832310716989
0.9943144428926844
0.7500789662519318
0.5942063064143922
0.29320564410341593
0.6881217201941928
0.13402132428349597
0.9189128756425877
0.8070201630084561
0.8928542832307433
0.10605793491193431
0.4634287621781602
0.8075182012695575
0.8051375008451657
0.7302177126129816
0.8096470619319801
0.5635660540861274
0.37167589430386105
0.9999976334022833
0.6205375748109953
0.7748211720026601
0.8829574152245127
0.6859501913304534
0.9745564095951202
0.1120903974982224
0.449659164319678
0.09888566179790693
0.5926060848343817
0.9345848466055946
0.9823522961446888
0.9374807445316518
0.9319071048648797
0.9439403643040837
0.8103158405868377
0.884705189909938
0.4947672315185162
0.8116866151373183
0.7384088504810932
0.973747909071011
0.3789971397821629
0.9847682105314467
0.9605553550360928
0.9968504963745767
0.8522844225593613
0.56664523485993
0.9923475720455897
0.4699023796953722
0.9990987383980683
0.8241926465464487
0.6589387515262342
0.9956816905923963
0.9902782996504609
0.4696158750688991
0.3826647351201505
0.992311587283936
0.826712216380905
0.7431860470352816
0.9725533601218466
0.6940615392082843
0.8334540265823611
0.9999998188960966
0.7381027984441437
0.48556648842054534
0.12677753797437194
0.2776032330071904
0.9883360733665142
0.6692623215773368
0.06166865991365701
0.9635807805199083
0.998693503137993
0.07532292383737034
0.5181449754537609
0.2611025866391294
0.4504595847513284
0.9878369739293984
0.6559841458427143
0.36879841438433386
0.6052310822690163
0.18195635714537772
0.3162593904471308
0.4769006356227955
0.5593698169940919
0.8949495825505656
0.8565426369059403
0.9755847130267653
0.4680009510835196
0.9777066307350798
0.44828897148528624
0.34360583787562055
0.2912484739503733
0.05749384729420878
0.0520645066776599
0.633676786187903
0.4323317782584424
0.2520524993291305
0.5789201739660702
0.40306393899933113
0.8225967173395694
0.37566575356411713
0.64076946436321
0.3033120793067155
0.1942241008156373
0.41844556102990615
0.9854231352624127
0.5533614497904026
0.9930462219470744
0.89289871470418
0.5164060483094994
0.07114636294070972
0.974490275619252
0.9623513617633839
0.6433474804129358
0.5115211761076754
0.4294781308655913
0.9658363423276577
0.7637614669451158
0.5632747809520949
0.9098439943180368
0.8821631634496025
0.0894720899053473
0.9864703151073932
0.536009143168143
0.6669484242037141
0.35587255543481294
0.9909508949734339
0.4821101388448711
0.8546446563027829
0.7077955668687885
0.7818071703455352
0.7950082448136303
0.9685063303469966
0.5151375730314566
0.9764522865085253
0.832517643367293
0.9759032230248748
0.13273542940279948
0.9468409939232513
0.7753170184388636
0.933548101701404
0.7929171114095284
0.8177955525845522