0.45056011523636036
0.10620274295144026
0.5383593507088099
0.22701010990014764
0.25005206358450005
0.773097620722052
0.5041645753384508
0.45358916014957135
0.8198021009141133
0.4788087434858741
0.3466461224982548
0.27607934361727454
0.952341874676764
0.5048077491287993
0.5134294119846196
0.28809944950606636
0.1763284553441617
0.4010241924575713
0.11535594144465727
0.4962769126123392
0.7882654213764715
0.8401343756495049
0.2171413763812101
0.7103971481916599
0.6507433953071287
0.26829512647356585
0.9790093088227045
0.413538990915496
0.6705825675761241
0.9912648051769819
0.811590430744762
0.6067988699876362
0.22795316301330343
0.7135320737665867
0.5875844930449438
0.8596676197444955
0.6478993393764682
0.53371753167332
0.7564639961093905
0.44492461343564155
0.7872149937864816
0.4201570623713683
0.502376942333051
0.1416137332023043
0.5262318040081725
0.4949141482333875
0.8383211260159001
0.5238691083593605
0.5538012567671816
0.910140846821475
0.5160141033952017
0.1570309995376003
0.42661494445620274
0.7688704296824508
0.06656060471478782
0.9525376455927799
0.06668964730789223
0.4765439945239172
0.14423176269312366
0.7110790217551494
0.41915042353031895
0.9694371979124959
0.41368693585289873
0.22840560768528173
0.47162449257483413
0.3874325979342644
0.19027578272699736
0.2984880820859553
0.2897178030029939
0.802469729643203
0.3806115696634626
0.15529188821134451
0.09916709990860342
0.5252625599535843
0.44177061593925315
0.48487822661237273
0.6189842992729437
0.3781851465620958
0.4443345861340539
0.14661755526001066
0.6729305118346449
0.30100975675417163
0.09096643667926395
0.8818338269864301
0.6762098391054775
0.31827155451889744
0.6175794568534997
0.9458417131737598
0.5807540031837105
0.42555138562425543
0.6572670579605332
0.4969261784760337
0.45149970456962263
0.2386939835015613
0.18277326504731387
0.30347760423711995
0.8953859971992815
0.6491324987674838
0.5792030102966509
0.20133680463396983
0.49984188244604866
0.8933593253740021
0.42946332183476066
0.5004847129083647
0.14330304860562984
0.36713733999863346
0.8009397758591749
0.561546242732227
0.4675232378140725
0.005201808941477115
0.42440554476720865
0.07407355478695635
0.38257785975468644
0.42784656754217726
0.5398755904004882
0.07666293749434858
0.587541189681003
0.6211998469487132
0.2658784206107317
0.7393320425717301
0.5139923807866715
0.6508550057250546
0.04971050157996232
0.20308759094162776
0.8720148619792657
0.7029802956462586
0.5168455154243359
0.8901695739729895
0.49882389156376655
0.7714967362298336
0.6641541866461605
0.5977552586474744
0.8522393439940359
0.0104612261694178
0.30813283229277905
0.7780938439566824
0.06800503596536375
0.495975507069362
0.021380754138739372
0.36829542782775115
0.6671925774135601
0.8383954711277568
0.6459623901024519
0.43973439223716093
0.24389897372839187
0.634825261407307
0.4412655421553268
0.27436460791400796
0.15522090054391796
0.26518380803748787
0.24057623471078793
0.5963655980977518
0.4265169919842737
0.1933783481567818
0.5576170190311761
0.3719450621949886
0.016162673438136103
0.5200290320209829
0.5603586702842618
0.3457389269988821
0.3237341218593
0.2450766178534418
0.02786480858743718
0.5779890768139669
0.5111934378115031
0.3883956894348935
0.7283651194213291
0.2853608001775577
0.5133624794696451
0.5234775944638805
0.6228321461118139
0.48476977308031566
0.8358324871306131
0.20752706747224203
0.24197389869988037
0.12245249982464775
0.9006571199092787
0.1743665968417701
0.5681565323312258
0.6135060762777005
0.976381234611168
0.5016897918151324
0.7387022753504338
0.9806653744286365
0.31860354109641
0.7987856816734419
0.32857244962033644
0.47971161932812484
0.5729369766270656
0.27372908166792354
0.6475763925834644
0.9286241158441201
0.8681212250729222
0.27596531008825764
0.7711788734455192
0.3401578148343086
0.39750925041418766
0.910354749956808
0.3519642797630933
0.1300894028978568
0.44368810339681647
0.34144150101352977
0.43592702463467053
0.4530862548615678
0.23162340409622087
0.597545590249202
0.4304443396196756
0.32227127878537587
0.5606013757490188
0.7215774259087834
0.10533609206803453
0.6231319330706914
0.3989643577138832
0.6126256638522446
0.5077515217831847
0.7940027438016792
0.8796303489804345
0.7434368537432854
0.6304560889101023
0.7381023553612259
0.779589944426884
0.32033693759620646
0.49799017176694726
0.4208409326534312
0.515209974599859
0.46980645670178733
0.9425363361825452
0.6257392070935432
0.6877698382951558
0.6076524768659163
0.054080315487041355
0.470739614170533
0.42043207906826047
0.9279327484234041
0.56770825766822
0.05471442520400326
0.26499532909911067
0.32215828311902095
0.42138939708869744
0.5294832827450343
0.13766497573777528
0.5110603009232061
0.5228061543204543
0.942626154459172
0.7918067594219517
0.43362150199276706
0.07094037700405814
0.6988556723911366
0.07531736215888588
0.7042398901846336
0.07530678735453974
0.9689234417903201
0.6604122473775028
0.7826721888674714
0.036247476208823466
0.10774922485693972
0.42954570765431677
0.2925378378067877
0.055261151718639906
0.5450612210563204
0.891566588402974
0.44902336901531076
0.213391611914007
0.4986995492941296
0.8985136672102121
0.7128061380961364
0.48636592975971965
0.23369134170544578
0.31436061991832764
0.30915984879402303
0.11689719039495235
0.09657869305925926
0.5362678255847677
0.07858350148168561
0.3110249400605786
0.8104229713431554
0.7480564114936783
0.028601899813757367
0.9689186355621205
0.6856361290936611
0.4269820392947808
0.7650222383076852
0.04090148767520288
0.9475308536785948
0.8504141978040612
0.7282488090110651
0.3173808740887221
0.34203067860446146
0.45709212206555416
0.7787713596618268
0.16174468689303606
0.43361318686058753
0.3668373424715972
0.6240979973674996
0.461437844690148
0.9151203443336413
0.4912154875360957
0.6913184252810167
0.30282880261571427
0.14963936205388803
0.08892931909298935
0.2567451987174549
0.5214966872222117
0.5449490114580955
0.8988756105045392
0.539593364483827
0.01941595770299799
0.541761268098955
0.7122166653093862
0.47285761212161886
0.3146184158295175
0.550570155124506
0.6409892257773765
0.7082219748623986
0.34927254934259716
0.5118053234959364
0.4802780164503752
0.44991808430651203
0.484583085230933
0.4058432646234469
0.08829036786403092
0.11657665331731674
0.6172212843753363
0.4941617162245796
0.16769598096492383
0.8008559967817248
0.09215535532720395
0.6191380370099797
0.5809742870527369
0.08929390937303412
0.0609180589794756
0.04644509378256706
0.4725400890294096
0.4982187173932099
0.45986294679495343
0.5253473588562678
0.21931466667245667
0.6727495601439025
0.35860008485254496
0.5279402178888337
0.34755853499980155
0.6835369628083924
0.4787977687711012
0.517144112901226
0.4394642817517866
0.41591276872194854
0.8878037833723146
0.608433300916509
0.06593117186884057
0.36619636985176646
0.7860797938856965
0.6926250436174105
0.007759019434385658
0.01983288238230972
0.23721379211643054
0.8864316613601
0.48818266161204765
0.9137911454077783
0.42545351591688263
0.8913560390282463
0.1791994782324596
0.31995703108726425
0.4761269072915528
0.9086327422944044
0.28036160833130586
0.3890671246254244
0.5417799083736959
0.046404793770767595
0.7945141804623245
0.1204015017516517
0.912752424032138
0.7902913170679856
0.7316741144267395
0.03687924069360296
0.5070155365715802
0.5231870419398262
0.5737103370373842
0.5841478898497721
0.32758963732700835
0.5822139397243717
0.256691380519034
0.43057917113802724
0.8014515271630464
0.2417975090919817
0.769804820375738
0.5741416031872565
0.964283296515959
0.2883110863375526
0.5218434698152232
0.7962269865447157
0.5175724408349139
0.4528947768960143
0.005429027263989182
0.5412497823340072
0.40119868932063507
0.7500783845507888
0.5921910306060448
0.4155391302130092
0.4059408823911632
0.8522858117476529
0.8572933565865541
0.4368954916539368
0.6558328291756527
0.6950325321389289
0.6431692729504818
0.5016252742971121
0.2487993858339177
0.42871268990725064
0.9762735958822599
0.8761670297682261
0.36252235222986784
0.6133857518302452
0.13334238692072198
0.8207175450667884
0.9067524431285748
0.9557936122239503
0.5138287383590884
0.2906759808234505
0.3894812846406534
0.24966549894449325
0.2362875800215799
0.814937250075363
0.5243269036824758
0.49859613824670596
0.24367840067374413
0.26625342941241575
0.5603585159190412
0.7197648505377777
0.9674946118421445
0.3578602912781067
0.09044885080927444
0.295428222684687
0.4380064863517764
0.6235293611785248
0.26639794211630474
0.1332945027857523
0.7868745519890775
0.05012184242268449
0.2647144345649775
0.12878893148088794
0.5744443986628356
0.393610035783615
0.1618966917601772
0.5027169258727079
0.7729862006463568
0.6894133779995724
0.5116140339057897
0.4090405304897474
0.8418993620423648
0.843903376625667
0.06349498194818118
0.3165568850582074
0.25119753611538437
0.500365561298146
0.2562023896366557
0.2735309531707015
0.35806645559483946
0.9647643904835989
0.5007245494818992
0.5844369665360566
0.40320444087329127
0.5009873133813866
0.7564421192308425
0.773575659126565
0.2834790938675904
0.8162957080660377
0.49161928158336676
0.4958217477289552
0.5738429667629027
0.3818658180695368
0.6415633435362744
0.8569404460129677
0.039227955430247305
0.08805230940626547
0.6786491432286508
0.4784567039246323
0.531334456404836
0.7476324275496609
0.39306527586889184
0.5659419334309786
0.11618052477354468
0.08223441337061078
0.4050360720490584
0.9058404910057103
0.27866309875482476
0.06945421241470343
0.5874915745905166
0.12076783653280349
0.05138933929486373
0.25233303496315707
0.11436135390483157
0.24464183879655493
0.5535910875840188
0.7399878553610901
0.927061938585491
0.582031091434253
0.22608841012949132
0.20770168390195343
0.6083210140497687
0.9069486458083172
0.02311771860398278
0.6795964688710492
0.5932483357164731
0.5371329610047664
0.8970368851973471
0.450265346165085
0.49177711613616276
0.22052930204677768
0.8254956103830566
0.3834025929414109
0.5217989599368201
0.8828819172750522
0.8740363953766276
0.3328647960238767
0.612595445014422
0.29626177204895005
0.19201287824566066
0.9118610620612474
0.3281420910175411
0.170832975098661
0.41657192553508265
0.3495109329741806
0.10354250608359433
0.29512665502081337
0.22951380501872645
0.7089111086242698
0.989625927326199
0.3391278838977638
0.4271601049739365
0.24766212361462484
0.07002556708533743
0.7965877286815585
0.8472167852718402
0.6233385260581985
0.7879548506998022
0.6036049108233624
0.6733221446435271
0.32095246831922647
0.2344164350098771
0.8963126981868336
0.5047396974250494
0.40893101011175126
0.16091553965594696
0.6323961237756434
0.14594731162657193
0.03984924293530077
0.5280590189410594
0.636807484089659
0.5286328956443208
0.8482595483155335
0.09320350802003854
0.25925098508879796
0.9327958263625726
0.9171167915319858
0.27479453949460797
0.8361543871063258
0.43639468549695104
0.9361517373030861
0.7674163052066382
0.5917553360819794
0.5891350692446522
0.29521243073296277
0.9904883811896
0.839932194954779
0.49852704046577295
0.5987275507255133
0.9045208435470621
0.45252215574236243
0.8140830449180931
0.8739801454311618
0.49638105963683293
0.247063858383872
0.779378444577616
0.23683394756508347
0.5104094999638261
0.11683269026826454
0.2065661070841086
0.09795692683495158
0.38335370109852823
0.4919049974434061
0.2960130632577989
0.11921852600411396
0.29017068999100665
0.5290569929719529
0.5450583682684239
0.292134347927042
0.5112307716800948
0.5403967404589707
0.5133103264755022
0.5167725750575295
0.07402031929116216
0.1548824798631241
0.5098784472835236
0.4162773686689708
0.025669430042625882
0.9785457491844879
0.6780261289330651
0.21409098615316652
0.32442041123443754
0.3132784810409536
0.7447960679437113
0.6950573391477683
0.1212118646292523
0.4305992411391657
0.21774678939473835
0.12373417106476423
0.03394524838459939
0.5270949606032505
0.47266317587538237
0.488121423210012
0.6549286758003892
0.6455734855470029
0.8696655544444594
0.5546840585084921
0.45115637872754166
0.6048906555480372
0.09575266335075991
0.31903378346266387
0.8134528627671292
0.7897026597194958
0.4945841873082059
0.42192138106773025
0.6448219105917457
0.43610418180689947
0.8820835334913905
0.22564311875057236
0.2588044736859046
0.6277765513634724
0.9327409724067157
0.1855474410238899
0.5754402210252925
0.28979685032478164
0.8814154501699593
0.5128181727527652
0.5419312798984872
0.4786719173116561
0.0172828798302617
0.6248456745416332
0.818067280989983
0.9838284180276917
0.4218274419638657
0.662189942200711
0.34778018688275036
0.09528027245663326
0.07259281130548403
0.40400917181350743
0.03518358013784876
0.42732682699562435
0.6271287048109031
0.6637565033442175
0.48330409341031083
0.6699593417352546
0.9082490111189869
0.5316001759527732
0.22250857114322578
0.07543576788224178
0.5218998451053846
0.41354508454630906
0.9929157610008337
0.6264259704058598
0.16044498328012063
0.6564502721239747
0.642554697276244
0.5177869192384081
0.27903722141517107
0.2793930776643873
0.31515083929955984
0.5261231147960098
0.1680938735868196
0.7206169900592715
0.7027594458205454
0.5846466474817273
0.012935710747591594
0.11969900925246758
0.13326334587029132
0.5467154653183238
0.3132707109811953
0.7791918112376169
0.9849099182578717
0.07829889247899599
0.7141678344509195
0.3206910075808388
0.20082932262094147
0.17397085149136135
0.4242516610864799
0.39502857721796014
0.7610946200593092
0.16332509644548648
0.9715411341312998
0.32712468459307587
0.8538708844196132
0.5437123390812071
0.6421094313958072
0.0805461073562898
0.4218176164057855
0.8200793991671623
0.27973264012558424
0.329943782070613
0.23539035001376662
0.422386820679321
0.08755539680212754
0.5426727113286648
0.4703184007129557
0.11261979619945398
0.1586291907623722
0.7335973416801508
0.8900116778663657
0.5834478881502698
0.5430928842103083
0.2231674850906445
0.0882091525193201
0.11652774257356291
0.5143605700182481
0.5297677415761125
0.4221192457988656
0.8399533657082224
0.8646662535198084
0.470090711813982
0.7933665832800002
0.9198594762529432
0.6458811905393894
0.05852970280165676
0.8796549277611375
0.09975735766781489
0.6544058338344229
0.5679546698719539
0.7999487435537183
0.19333295037378884
0.2280304316062148
0.6823333455928271
0.5825616833519819
0.45227315485142155
0.6592946744385604
0.0825227194016696
0.47842268811164773
0.7509029054018449
0.5877394974985801
0.42936399219191507
0.22448838005716706
0.7514008301960335
0.8093865378802846
0.6002990096801941
0.3555542956122938
0.9488138693979093
0.918781771974787
0.6522166559293561
0.36998094895428807
0.11246842034854042
0.4783564638851478
0.42564755437926655
0.521761248857124
0.5349907176905814
0.6816365161709255
0.2260462991298529
0.21491368573570702
0.18021877313478435
0.04770279531954322
0.5240737590362632
0.9891417283467875
0.3140885655169055
0.5241816589353755
0.4645865279809525
0.027939666482155522
0.8681930542371306
0.7373759766861298
0.06426570796040011
0.7107665513902298
0.614798598557158
0.4570517046777317
0.5470541197708011
0.7997083641080167
0.5660114127626956
0.4545151723388603
0.4330917651046802
0.20740625073677957
0.9220293100648292
0.28048328999781275
0.13522032607976822
0.16152534338192112
0.6371262037515021
0.5557697886039819
0.6052935048645052
0.42642375460810017
0.20359154818631678
0.650852644883655
0.5330664537097196
0.4147912312000744
0.8982350559094292
0.6205016901978133
0.6159364164885215
0.601386459382095
0.4619887119731902
0.41924492639225824
0.47569191376324094
0.6480245889748191
0.3062727636977868
0.6528225214958293
0.336992074297114
0.980355228801258
0.5626719762129709
0.4526003981404553
0.528439005025248
0.8839615932746845
0.5843994283145415
0.6709914900675223
0.8271275134156191
0.5313504231525327
0.673411637267088
0.6862267267862093
0.23059652382916362
0.4815193634243162
0.33022151057745974
0.8626355645857299
0.7234941375241696
0.023339576847854267
0.5155052652617637
0.440317107961891
0.3901922256102112
0.4747274688391348
0.20930851714381488
0.8843975437188109
0.3093756511848676
0.3952864882031844
0.21401916994899298
0.40943132221843265
0.882242541527765
0.2297653559142651
0.1988034929718145
0.4262654591321599
0.9472516821932937
0.12542170880418424
0.35876217673823035
0.7586557937199654
0.6034232089859811
0.6598528900041628
0.8256450527171911
0.3591387854957095
0.4789794184643452
0.3871417480917862
0.633269432296112
0.13035349227933077
0.8979611367857744
0.4877762054362872
0.21341638190588438
0.9985174483712494
0.9366464133916887
0.14367354665355292
0.5184980413838739
0.2010930543576166
0.7600337393845458
0.3240746869763992
0.4636909388706507
0.11201425136604565
0.6714603443567427
0.4663123950907081
0.5635223547516812
0.2966433393617062
0.7216153359349374
0.8087047608056012
0.08764602322488643
0.5580908788760193
0.4342393264847632
0.9346452935876508
0.24413149900213782
0.05426781281315761
0.16939816181237338
0.24079591028529213
0.8923017232282336
0.8009137209401432
0.4895016213936978
0.29631789101078804
0.3467928277821739
0.3819073565150791
0.7458519310212289
0.19728464589799308
0.3389836030936458
0.6738389400862519
0.5000703163382169
0.1832925628495106
0.6206550722288884
0.21164623459635734
0.33118444401411345
0.35240835105860624
0.27660173655698045
0.04603335242825597
0.6490947374291242
0.6455380285440643
0.677151503838651
0.5085295507469838
0.7219186983335062
0.3139823059846009
0.7296494388769159
0.46190609716468334
0.5486581538259242
0.048373006333522706
0.8849005081235682
0.0747754254380153
0.3464418388610238
0.015038952453292918
0.39746288800089674
0.4590653691642291
0.5229698040473197
0.3504154199185458
0.10757540230041815
0.5779051068246369
0.9820636882001198
0.5296668526166587
0.686861659733158
0.6120326847590651
0.4381029158278223
0.5531296854084686
0.9609235410397825
0.014645478814883968
0.5519007534109955
0.8729353828459935
0.8842650216881914
0.6621997186332568
0.1854028722961708
0.2307144124391707
0.4993853038462755
0.3758138450245012
0.8656632225799984
0.48292576338113047
0.05222375734700544
0.5648103205523642
0.1081394298965128
0.3385194679866678
0.6094287819162234
0.4905882852462318
0.2895208653870296
0.022301032161347885
0.08369471292555061
0.002462072281943445
0.3926268689723431
0.07750505148279418
0.2958986839228106
0.983535650674998
0.8845786615508762
0.7633828672687658
0.6799263162179736
0.3816744771297318
0.7911287586524746
0.3714159315198333
0.6373234840033325
0.09216619467272787
0.6478565821498669
0.9853437508381806
0.3354645750384019
0.5200790748278958
0.59204661053819
0.3935731106236497
0.15386477074534696
0.25111324461760615
0.7620873778455168
0.05788798078638202
0.7296616631419737
0.7299718819940796
0.025948935209894795
0.6672798430443005
0.6109668156138004
0.45082492560418863
0.6812292156273928
0.5893303230586499
0.005827986727921383
0.5829676783538225
0.762893230105106
0.08042573122763398
0.6517267127897414
0.6339551222893243
0.45520462929677397
0.855268776947753
0.4967415093809399
0.579554670776344
0.6812696429075926
0.07582693355979617
0.9048251011231317
0.41488806971844977
0.6069176169769582
0.7642505062031225
0.38755347901171566
0.029490137280014095
0.028784624791179356
0.5492045597182392
0.5517055379772541
0.5759217293454364
0.17014712276458352
0.12793730221136346
0.18851259559860273
0.39651494968845835
0.6701683036929675
0.050217885423536134
0.46037471961173443
0.8472435219611695
0.4207734348454243
0.5960098352832417
0.27977834137320107
0.22620867936807484
0.7472120185479726
0.8407274984993606
0.6016385286714588