0.9726299433967145
0.2866106067147804
0.9273711011061733
0.1622152500401715
0.5479859488120361
0.9845732292820782
0.48771683546355066
0.9890073719331751
0.8534523862630279
0.3585535950464099
0.4791401136303603
0.6471073383021598
0.5349755907431802
0.39828028031259904
0.5413820338003714
0.631576301650463
0.6040283755735569
0.8841967182427973
0.19805280223321173
0.49694928037061287
0.2914220691632684
0.570852995517124
0.2430142023517208
0.2729629506845753
0.6659377720263686
0.37270537065329096
0.023488169912211296
0.6420671608738353
0.8366280623575616
0.7965325424538965
0.6282882455168444
0.9872728296555969
0.3415693161945875
0.2899028482421699
0.7450316629433629
0.4030940198359195
0.5081793563085544
0.5308805127845876
0.5095160130474723
0.5144783838866579
0.32378940448882404
0.5152899987467489
0.5096381023545167
0.4953074933038708
0.10651355367125886
0.5124022675758444
0.9651628266179354
0.31374194006133804
0.31238885870861155
0.42342968075534093
0.823033005126583
0.04166095068075072
0.5272458722447683
0.14948921405414714
0.05695635077487651
0.05539316358360483
0.05524489422547827
0.6137104926060193
0.5698113270437013
0.04714835582889683
0.11190661305142907
0.8302703633083321
0.3929829815677848
0.8374109266874079
0.474623133424716
0.5202756510041558
0.8353547577905134
0.00358845337029311
0.18236122583037737
0.7046741130171312
0.8726583822830527
0.04541099975340467
0.7125969478100036
0.641601377527705
0.0677933830195864
0.401753148619798
0.5185527997998269
0.4146572598338953
0.825127920787044
0.9095331444803592
0.5862962393352621
0.5870124402509008
0.15723588944359695
0.4982966152091089
0.745535759949944
0.5507865038382241
0.5133261066192861
0.008701649081474137
0.8926381553133456
0.4456685073494232
0.49466310638349215
0.4869493621065678
0.5647588039463086
0.746566410558732
0.04460975234628431
0.4709985320097678
0.09992312786093867
0.43462687047474186
0.5516391386234353
0.7297567567392743
0.5035847344540263
0.990133416082389
0.32408856828922866
0.6599396873227393
0.6085654871343188
0.7836360771214349
0.1528297815473773
0.5357988838412089
0.7868500931077221
0.9692790878269955
0.6083584860612719
0.909932182705105
0.5964083079214577
0.5367880060248558
0.7558708447839605
0.5734283878660958
0.45860217382269447
0.4846061707226765
0.9033008258510695
0.40484591197500946
0.6904546182048925
0.605470264163901
0.13140524961172753
0.8794842562438744
0.8962036619062987
0.44413727405253783
0.3802735295795474
0.6526143800777046
0.4988128027125018
0.5926931664136595
0.5834498334337112
0.1628010588594829
0.5177026221855037
0.774977218444139
0.45912657712879856
0.13890887318902187
0.07336799293055143
0.49695059713019396
0.9652567148152538
0.3684947847540049
0.3225713620810517
0.9717110682944337
0.7993339507026077
0.38909188433461606
0.524459465902808
0.5940529438443318
0.5418018411366593
0.18695497116959883
0.9326924287177492
0.43944314550872315
0.3815908556038733
0.26326077983686635
0.43726681538924833
0.49358703352131383
0.5223041896522547
0.5314458416857247
0.36142356207636117
0.47015070765191336
0.5853351572931504
0.760161311504941
0.5720396322114212
0.05190040884935741
0.0202253032668883
0.20330720601479174
0.47068303860927474
0.496459602462611
0.21753497900262012
0.8964904773739047
0.6351479785948264
0.48057690866053837
0.7517747582484638
0.5969023001483471
0.11648889510370697
0.15668712339972013
0.43814429196784865
0.8147355714236094
0.9198260999834589
0.663143419707637
0.5732196702366947
0.3270839765629218
0.33895691823621443
0.39809239643659194
0.03399324511974753
0.7416172819994887
0.24895258919982302
0.5139617716899371
0.31382833246213204
0.4575435460969945
0.529638568647487
0.2565461917536566
0.23016680847638107
0.5777637834990312
0.06603957531410565
0.3826230847297071
0.5087261613940854
0.2554203484392422
0.405360674167082
0.09295757488225494
0.5424165262033285
0.17614325697147204
0.4946414442651107
0.9043954687049471
0.5122693589043029
0.5212674481118484
0.6903506306100666
0.19549996462416405
0.3298704129124901
0.8333679430336176
0.8785454770651255
0.7776043726862335
0.9075151671425333
0.25690744780441965
0.45149105527677
0.2650542005145001
0.5216571656206305
0.05064822748733008
0.9606991707546536
0.547300191843488
0.3445352688520088
0.5605394629732033
0.7916178903055721
0.6509670452136523
0.5016977135795639
0.15165695448941696
0.611708466797678
0.3481204653758845
0.5402533729862473
0.1423628122107758
0.7599246890157384
0.48604677428173065
0.9494980674507512
0.5229172708311808
0.3771080844737999
0.12392800050637945
0.6101031905122
0.9635486904808471
0.2883603437139943
0.7220563026133524
0.4220829985299192
0.46362609781827074
0.20936806928160756
0.33989951105985444
0.33983155952249855
0.9651340845814299
0.23942556581299643
0.5088677784656619
0.4955893750490707
0.5528010849861789
0.760057997033751
0.5916369462428671
0.9202072471722319
0.698125531170428
0.7029723520979825
0.8602142819795603
0.09312203226375187
0.04895948686049015
0.6093478466802424
0.24419147073576405
0.41430729208258654
0.6916820452721982
0.9322283220112118
0.6039751452142076
0.060178710834160314
0.7940645823566241
0.4098679061674325
0.8583808350873727
0.5317324227048073
0.6123242069735894
0.16746250386539596
0.8959718974297637
0.8130880200305297
0.8882508076969367
0.38192397627743263
0.6614170487014845
0.7176423373551598
0.9682533820086019
0.6760246831653091
0.23211990677728872
0.6990969387908397
0.079188776068057
0.5346997670862184
0.38924519301352284
0.7483144358725196
0.32134286478694174
0.1777870391848216
0.6266560149763323
0.4281303766059499
0.26621581563920527
0.6311456051231112
0.16390893428306955
0.17442218648725308
0.7438570988365806
0.6582137702760851
0.6009089744066919
0.5968907697583111
0.09102049265449486
0.47389841644792596
0.25732992383372383
0.0882763437110151
0.30027912399793577
0.4529559106746794
0.2162689342187868
0.5983689761231453
0.6953963627417279
0.10230489233895369
0.5445058211323967
0.9904819691405641
0.3006783863103644
0.566496136229902
0.5023111523084662
0.13904850529345256
0.9343230273929534
0.41075240777943156
0.8575610029231845
0.4146984490075746
0.5651132814104379
0.20106800441952122
0.0029137293071974835
0.9850126641508812
0.12952974222681313
0.1916904603438449
0.7023989511073697
0.6321133918235886
0.5109835816575913
0.38528249676629966
0.3192747035694075
0.025504423874158976
0.5504665454057206
0.5158185312455844
0.10580338428181953
0.07105257716185427
0.5142633824263272
0.3517428689866895
0.5088238729407623
0.6624446673153873
0.2787854065098735
0.88011542803292
0.23784711523013374
0.5722024025417206
0.6662006965888313
0.6582496873608978
0.6545489567526247
0.3360839663531447
0.5803978112017711
0.3251874637021115
0.24875412330660773
0.08243060610930189
0.2504183648486795
0.8811528340869716
0.6791887339565563
0.25115973443550776
0.7205176527038332
0.6910857815522478
0.03952701298529561
0.30811216266929126
0.8712020791425585
0.48359348116389356
0.3389000761789881
0.4205821264415036
0.6303333572098856
0.023604689501511008
0.8387005820173804
0.13137978765971073
0.3135589449341974
0.883752897382466
0.6944542888642851
0.5792919861238255
0.28839102078794193
0.8443790212090793
0.06730214007119249
0.39979489562417303
0.9368511991374062
0.6027620672090154
0.9993864178091318
0.5503853492091239
0.5052621990137771
0.7925466687649665
0.866609388194166
0.775489534685993
0.25933755796899377
0.5996749721651355
0.42438762638508354
0.8452513808041646
0.7977283325572175
0.6845559957234645
0.6034004473560157
0.4292251399806864
0.9817694393831489
0.44453040072667677
0.6351336263578804
0.4804850824563565
0.40769030253679217
0.16056056244044106
0.6793640774792046
0.6214180773180615
0.23471326574338788
0.6698500207921907
0.17726364273856313
0.5037581694409978
0.18775124239854676
0.1396669900548101
0.47809768758678955
0.7209997233430233
0.8162095680337886
0.4863179892896996
0.7966729027461354
0.738259545349077
0.5512056816300696
0.5089254582021174
0.9420387432516101
0.5473842574095048
0.44505777397285784
0.5303102464414448
0.20070247407594297
0.5749834400798054
0.04810540386124486
0.5304652013256598
0.23624352180736025
0.8306107831295505
0.3117487902801463
0.9039745833941795
0.18410136185243833
0.3806203456225533
0.50726247622366
0.5619051339958132
0.5409348125934724
0.7528558089701591
0.2855329267816604
0.6656983881257531
0.1635802054541923
0.49746659844748037
0.31163630471834675
0.6396016637807995
0.7454985329164867
0.6105720588847068
0.8030310162330176
0.4655739559174404
0.05177598201234024
0.8624208054788076
0.5597109581536385
0.5934327500048727
0.48965127466986064
0.6955235831720435
0.5124212239953635
0.9534329612609277
0.9004536834726692
0.48807848261030307
0.4283353483982337
0.12594510230010017
0.00876504708291601
0.17666664001519825
0.9130441907943538
0.39490280691342344
0.5344883609229042
0.1715027465770079
0.9508286330600489
0.5497927177989704
0.12137867999668327
0.5006676505773043
0.4972090640328134
0.29936864558041915
0.49766834799511434
0.7995216373770695
0.24790132404564896
0.4197245363827093
0.5221173102088935
0.6255791064601616
0.41008196715087697
0.1976978525734477
0.5381905455459367
0.3942569841488324
0.806856771483083
0.6429901816015476
0.26660425395955045
0.352899109212921
0.118857914251075
0.4573324297647985
0.17982628558353442
0.20940239340414837
0.6209279827072266
0.3566718325548195
0.3864707293084139
0.4709468984215697
0.8128455942070265
0.25102733382599324
0.22785990798243833
0.39843296477044765
0.018809895489477882
0.14430305446004468
0.14668889959001083
0.08682388868331754
0.3722700169020316
0.3491613081485129
0.9126932070183617
0.2149184063866716
0.5870790251050237
0.5399283279345533
0.888864453694237
0.4396651104938906
0.6406718267499163
0.6270194973978223
0.9078262568254533
0.4863443609685438
0.4649348605033923
0.8638924678375683
0.6004629906403084
0.006192468496661686
0.5044203227685305
0.8179973863690241
0.7185345360883317
0.023950320526705135
0.34830214454445674
0.7204673335610825
0.790956007290249
0.8712501075242806
0.49899214796906843
0.2351446911794971
0.7468593228308228
0.9207330520683247
0.38956479317837556
0.5431668660381995
0.5079764818036299
0.5186059143438464
0.8496878638678991
0.6870418225075415
0.4695852963604082
0.7417068205297381
0.3966236038364875
0.7905694714098817
0.6565391797262977
0.9338616552005039
0.784117144430341
0.8261188262537374
0.6446567741157052
0.6566523308496128
0.7095250289776506
0.3333911403083899
0.2936935488425045
0.8640021102234786
0.2195351404240373
0.564593558739562
0.7967937793332905
0.6375059322487975
0.1955543329661926
0.49949870086111325
0.90783008288158
0.7795197992699362
0.7557019477791782
0.1279592547198545
0.8735500284891047
0.34277308723681815
0.3121310148448106
0.11195688721184564
0.3940344571197538
0.40555922887227386
0.6873659005232603
0.19877288151343453
0.7539040586996139
0.8546328549562495
0.6633663952956521
0.5419304614847033
0.696754607906179
0.022580479918803374
0.284340712962397
0.6498006415927933
0.5566004524061996
0.1944727453197366
0.6000209327185095
0.22757147531139707
0.8953180201693642
0.4925331001183305
0.4912110745448589
0.9147032379898408
0.5011826541816593
0.47286674666754347
0.13798248999354773
0.8284926510981825
0.04206058653098324
0.6025250680576715
0.41439818621781677
0.5738675901771392
0.8800361649122207
0.6289339328438923
0.8522890194951441
0.5493635790560893
0.43907003713564347
0.5792565441887518
0.5042495686380658
0.5735246317935403
0.4666845842464171
0.20776476046560222
0.8998987238487839
0.08082405508940427
0.4356029540836184
0.3850482359434695
0.8766805343053096
0.3558354742431607
0.26504964210697063
0.4765349342267222
0.6074966128843712
0.6975372582791987
0.3368893752979771
0.6321462875644486
0.5976957103751969
0.6724636249385684
0.6649605906918461
0.9866832765637916
0.5674820936222493
0.4019340811302481
0.5731595055692922
0.17063602189004493
0.35447693620187537
0.5502798366625525
0.09967859803034217
0.6722351094894439
0.6388968260660214
0.4071462052269622
0.5606176180002483
0.4165220270819556
0.2608401376096392
0.4726230351973771
0.5655545905198276
0.5857402364022641
0.627030705056578
0.07111525978541744
0.6750183967272793
0.9030524872083255
0.30234245364126994
0.7722962042027698
0.03670024690302017
0.6713864073460137
0.7957589443561189
0.26845771218238024
0.4259422089507967
0.5463995836653889
0.5265529825486048
0.399078567743954
0.8265204398511187
0.19868878912335206
0.8256022551196951
0.5048048136639413
0.2580320390469123
0.5582285061499191
0.9818124677625373
0.17662251902728465
0.10771872120836756
0.04019085224319209
0.692187360891228
0.7951721605232006
0.3854747971385128
0.5110361852994051
0.45965360607385913
0.9652644799803439
0.3668085125571519
0.44475843013443384
0.7380290490122456
0.07989361348253629
0.24772458255553648
0.5038144776758098
0.8039628990627439
0.4130273506818274
0.34379650754074353
0.4835066947482577
0.4686028536033559
0.298899658140043
0.5674356933692812
0.014174608940268877
0.7082811322884345
0.15686504599776796
0.7223733411198985
0.71855941793177
0.43135129743410033
0.49513442403199925
0.7115463851871117
0.08280274724412007
0.40078433782957024
0.33244408845899
0.12030293785169952
0.24349277080344808
0.2407740481149539
0.7118417084243488
0.4118821673467344
0.3538403605251879
0.34782099435270164
0.30427681073875873
0.7648266340438754
0.2650153465472875
0.6959631635780495
0.027065113423775124
0.0011647409630051414
0.012115712300873747
0.47625367931619494
0.44100536190549217
0.5697419068407883
0.42948135211864796
0.4426759392543216
0.34408192437244345
0.9093930230808724
0.6655594462821991
0.11642971355281671
0.0393977771865372
0.02744818714145345
0.4274442148421628
0.42666451494735635
0.2933966959279273
0.34943763248446574
0.1374210010374187
0.3747011424884567
0.4885028737566414
0.8628003803962895
0.07413633590470946
0.3185134704628987
0.5361855378222916
0.5295617638278561
0.38978304488570936
0.13777818054874663
0.09697764608530152
0.3931889349396628
0.5695126289608985
0.7421910540821004
0.7432011641124302
0.8878616367487717
0.3438781892503157
0.6435466565245747
0.7305628967563021
0.4076522531467314
0.24311608162695758
0.9895132970169077
0.500812618685702
0.5728011213052139
0.4521639292104429
0.3128919805237601
0.8496214975123475
0.058870766413847316
0.4590162633605988
0.5773512641212913
0.5610025425718277
0.4648941644168524
0.05136314758011643
0.773140916333194
0.625346229760051
0.1705968342735109
0.4813552211347429
0.9401505259679942
0.920633044543481
0.27905096104001814
0.7372250295297764
0.7868658402597559
0.6181642075355909
0.573806906889062
0.7247761184789152
0.5930037106735898
0.5599568793775849
0.09919271129084363
0.14088228266497138
0.18448401919504942
0.9596602614123825
0.6501823815151276
0.5050674759482281
0.5791537065403999
0.5236911779474217
0.6242545897662766
0.7899443765168394
0.8661370665272088
0.6378601534102565
0.8856803930001507
0.5894051328909848
0.8203899658369588
0.5394220282396555
0.626955594547209
0.6505446765933822
0.45297606275687485
0.2342053465183392
0.38189419855493933
0.1631504996085869
0.5135385894858858
0.3124115049742966
0.183111903626851
0.1522836638995625
0.8308986211281468
0.6493022380291789
0.20973932666915762
0.9049578277486349
0.5930145236732607
0.8161108231927446
0.2864669064539543
0.5049941291349993
0.17290114783757773
0.12856691464669154
0.17858252831207017
0.8577891879449185
0.8795726654854038
0.5956958194835866
0.6802612136572901
0.6803956424578173
0.25845232942147345
0.08689778414635416
0.521740246778831
0.4729394674448511
0.8863829194922895
0.4872273436223769
0.761385866765333
0.19338566834029344
0.5505627967845764
0.5642621174737678
0.1524181347916547
0.12591270971441076
0.9095922528714083
0.7764263689101414
0.19663168958557883
0.15059829695271137
0.17550016059905857
0.27809683067799584
0.6833043392805792
0.40228780250965596
0.4674863594304456
0.41114031200498574
0.6064095985805338
0.45376983615477084
0.3999460767251712
0.8874387202215978
0.3965733762768352
0.1933500405044954
0.12382127157521138
0.12778645421637705
0.11843565234988465
0.7209006111170385
0.4108700918713402
0.7452698741192096
0.47928849945329133
0.4504533699534919
0.6936356536827769
0.5372196022571792
0.532570193691987
0.4009203443409086
0.36406003516222857
0.32613395611295753
0.5006219671329367
0.569784281723239
0.7361134193593969
0.11828515521463501
0.38403730702513966
0.6073052530153633
0.7468411676729557
0.026907579615488775
0.6191667460514454
0.5659919921878585
0.7801769131712789
0.9582653116526532
0.4374439265599107
0.8084758448416934
0.01409797775324491
0.0995700617580779
0.48167861735804823
0.5049488323458465
0.5243446765243073
0.4645070753648143
0.46722547601253694
0.2999088440461507
0.6272484158825246
0.3941122906127775
0.2685582320148297
0.4632117149861427
0.28718256653377394
0.7265884989926138
0.7324053327051407
0.39689044252383665
0.6078191851875288
0.5457952399121726
0.6917746193491036
0.6683251184189055
0.7644656738293888
0.30424312067811043
0.17385253058540043
0.7465826563446492
0.3387628431990168
0.37612554272151816
0.501227705061715
0.1911913118337123
0.7768437392828599
0.43755224884011
0.6164757478144595
0.46067486126905843
0.7903836701301067
0.04833469772013872
0.07494497545438734
0.497646319616306
0.5041280088983765
0.6508517675930983
0.1203687118492316
0.40594826059410744
0.41902952440318275
0.18812796754608488
0.7641231085112083
0.10456154203635108
0.12417908483910758
0.45057957355522654
0.4876125385714214
0.7241491664424294
0.02570430248929446
0.13436504578354433
0.49703384694932917
0.2810613220218391
0.6576832942112278
0.655293637224819
0.250901437461409
0.4881846954165369
0.5345312688416436
0.6873863031489819
0.5857611464523028
0.5377296250434563
0.6688263164464338
0.2593396020216121
0.848619525492201
0.6767423253956159
0.7778884046819063
0.41741778494923
0.8669871501168296
0.9263658664541572
0.4998938790501187
0.7067696522139719
0.7017412526466315
0.13839062260576415
0.28284340252856327
0.4994462874056937
0.07516513712516079
0.24192705792013178
0.7218071329932274
0.47247176642949545
0.14122380914520172
0.969211234425883
0.41904948692618854
0.18620951976692518
0.5154069379273056
0.9391056118200004
0.6683825718844041
0.9128297113714263
0.19665834852692476
0.42783499986121915
0.647555472894744
0.3687287497969895
0.4493819531413641
0.6031797510931822
0.39216865141867313
0.13330698060577179
0.2947898587542123
0.012114538550725158
0.5875932192696169
0.7090180258667521
0.270935242892355
0.8496567676654323
0.1319141218792329
0.7502417551625518
0.19419876684679613
0.5901614723992286
0.26106516409483177
0.221999477230798
0.11270319063690624
0.2844204907017124
0.5417225246357289
0.7921555668559951
0.30241264645749366
0.5115798269521555
0.40308129863115166
0.032227950092794756
0.4316894205296238
0.25885926086334476
0.7732878709526291
0.16401385277463415
0.709194391217965
0.8776457096207356
0.4924071438223015
0.5238351673116176
0.8879613584229339
0.999482070157528
0.30839096704259833
0.3745557862685649
0.8913766296082867
0.7697786772595911
0.5035156773433092
0.6974558224987923
0.2656029512616822
0.423882818027557
0.7288846671428704
0.5637072385808105
0.21207976030796932
0.9152121448944475
0.86380531666084
0.7227452334965991
0.9406539474696587
0.8477641879995604
0.6533440525140763
0.5563650105280593
0.9039413111501403
0.27923657717898337
0.30131115387631113
0.22279855307457355
0.715728295317362
0.8454246146030753
0.3646282530849132