0.41292383576448605
0.9477077606294468
0.6665924668623195
0.6779910562180446
0.7776124493333267
0.39044826381888825
0.4944942764482297
0.4471265227542461
0.3280294546116391
0.9107159014049683
0.6574676775431605
0.8041938690074584
0.043727813156387504
0.013999271392295861
0.5723536955141783
0.7609180746312594
0.10926676543425992
0.630602692311665
0.10835518060327579
0.5030766197489069
0.27522645784254035
0.15720710452245
0.2305780686466583
0.20712184332768932
0.3732554682421066
0.7044196007291841
0.41121017385461445
0.7743387431045639
0.18180075586169464
0.8959923805054876
0.9112186942355788
0.5886770403145911
0.039328261855718014
0.7814281023169122
0.06580603939339538
0.15297530202638104
0.35191186831084376
0.5185529461251969
0.12876648607387323
0.553690935425643
0.08785808042929143
0.5833834941724455
0.3210418063680085
0.8998641363230279
0.6733211527026067
0.5052283046927756
0.6453044451210745
0.43313736831361943
0.6082863205195153
0.09171912064959956
0.13696694028410247
0.5273969394898327
0.5715481563277791
0.45694201423951586
0.4877212570321629
0.3938401866497205
0.7251974744768522
0.6699071682948915
0.020862497467167087
0.3709095964762242
0.324525912093936
0.12596264565891105
0.6041296692422693
0.13179439001687826
0.5243824275745347
0.6281029770808029
0.690710514041346
0.5116177112482493
0.8420848432389691
0.23131065901094935
0.7352659181266583
0.35480499477648547
0.8591475010259685
0.3000222679582908
0.5789755793057173
0.5417355021130021
0.3736826193897617
0.03058103569308671
0.6195649454671539
0.2162182504354952
0.2630475678168903
0.6888475235385944
0.21881165027731464
0.9996387796974376
0.3928327577881227
0.7462767183188906
0.38160744144772046
0.44488312656721085
0.20757090477038148
0.57035896542919
0.3391409865504288
0.4990961774878442
0.4753091588436626
0.9084781540284269
0.4536042412827608
0.6950770865585932
0.5920451089813271
0.3540472969223222
0.3856221637705244
0.05776289620165548
0.49998937795715076
0.5812012301225146
0.03340181189364343
0.5748382240660531
0.019200092015293144
0.6300763102057804
0.33947141868051184
0.4381476717939047
0.42244099657062095
0.3270346889191439
0.8147025308825957
0.6362006673037444
0.24015530415775838
0.2707149849166981
0.5995508531847369
0.9932984256164191
0.4041211836855252
0.37413438521066
0.2043315620266419
0.27676718139246
0.047616279890962225
0.6115623446451466
0.7678442132676173
0.2375029706088634
0.6581878836683694
0.8900069840279423
0.5143020179627241
0.1356421981236001
0.500621586877693
0.7597981683211201
0.3321957256447252
0.29275559906840865
0.13708436915240896
0.08585424331390329
0.6962874501410334
0.21440278191463133
0.5682396824018523
0.5101988704254303
0.6526478895190039
0.5891944504873547
0.21320686371517952
0.4480480505213873
0.5340020844435529
0.669227947092795
0.07875790363042945
0.09552354962368649
0.4502226389469445
0.11142402977969894
0.5455003387016082
0.7366522410120061
0.7377722810494275
0.39241321649683303
0.6013575406875689
0.8938959291584634
0.44697544628428987
0.8193143136747963
0.021131592406509032
0.4245943535203318
0.1424157822135318
0.6810544130130443
0.6613456812776918
0.47455143055345633
0.4692480561128476
0.8332216864192832
0.4890672724657948
0.6142702782389873
0.2954755439998755
0.26389761007817286
0.320856193038865
0.47512446729105023
0.2388289652054976
0.5113999244729203
0.5650587178075367
0.6263094845950788
0.22848917820519277
0.7251187332465117
0.46545804278030445
0.9676666151609655
0.25717992892942876
0.44041958860020614
0.9592363568059707
0.4933444895478384
0.39884200944607745
0.08451119099381273
0.9280741221870513
0.16911159411598164
0.2635497565212882
0.6678517841117445
0.4269844490472494
0.5966509570205646
0.6344908596454697
0.9521829886444786
0.7362292205947172
0.6996198298829037
0.9865154346201062
0.17076368893569288
0.5924109201783616
0.2771932583211629
0.6428455284229012
0.8686059541623973
0.5559179647275184
0.2686672023183579
0.5632607111995157
0.5527953258597604
0.8824087036446231
0.5254426514628503
0.056503239482471296
0.45004800152998964
0.5039125057326905
0.5735800437419102
0.7203642853394379
0.8813370834172617
0.61584829434071
0.4095843190375013
0.49416257961664534
0.5647874246805129
0.46478636340504437
0.011936881245558976
0.4027813239594694
0.268461456753829
0.24899584470262817
0.378668601187435
0.500925940504716
0.299003480990006
0.18755551067163365
0.380118603136633
0.025725398968932087
0.3047971350142832
0.5950545234531814
0.3895829403553485
0.5063713653327029
0.5316523566237789
0.6461461279830049
0.7319484864663653
0.4012354637883077
0.6853938934760397
0.6698288762588084
0.18485146850471829
0.5855115264607603
0.19436457365021798
0.7851559351401495
0.5551919581097227
0.32944872117882973
0.5878579099573933
0.8779240577192214
0.6923586302194162
0.9424203767721515
0.30652398338823567
0.10916242640610313
0.2974928937450657
0.7163717572051846
0.9272183492284395
0.4431011906918194
0.5533048545808397
0.7754958276673016
0.3521904343202292
0.545163049129779
0.6149162286734885
0.937017616304783
0.07149373327516999
0.3786246560770138
0.5415905320521732
0.7300789396887131
0.6382892673154361
0.10579639716177562
0.7532964365473301
0.5161325267689119
0.2194128268554998
0.8387795048387089
0.44708901731314954
0.1144671424238576
0.3823615118819357
0.4800487326517126
0.9495216987354818
0.7966072001868915
0.5714926231798171
0.7306353453407596
0.08705043246940168
0.04421510972617248
0.5009812764339645
0.5735444638690756
0.893668063344818
0.11416756946471451
0.05549198619903904
0.29776368573099443
0.20835750473416717
0.03467591513375724
0.6781450870219135
0.6608676274907455
0.3133421745625838
0.8682841329866425
0.4150687069047027
0.5806538396952304
0.849284275046821
0.9900990785460869
0.6566262276923748
0.5079450195392813
0.816652153438516
0.31492197723929455
0.78822515321283
0.0039121136335205
0.3150929319403469
0.47011455329487895
0.42449892130128913
0.31436724261621746
0.4574923212700891
0.5387973105869642
0.48850140820917737
0.9930901718488254
0.5272476718810166
0.6845094501052201
0.4222535341282455
0.6437237406984626
0.5372612220340709
0.624040988355936
0.4872214012642637
0.41427282317211966
0.5481253389264584
0.5250684996702254
0.48862155620335607
0.830868714753292
0.8618421961096931
0.5908498402257908
0.504857677038183
0.8575303141041571
0.2404458867185445
0.4840825232838339
0.37596019425017535
0.41540034393500014
0.7059782225897054
0.6284826351983065
0.009174410720134906
0.5322332157647374
0.49919749471232344
0.6685664022578427
0.476286944158109
0.18256069078806778
0.5538927419102755
0.0342959419916179
0.11875866394811545
0.4963320231413025
0.19412767901687408
0.38620218621601377
0.05575385374056855
0.6727425635091558
0.6160264331146251
0.6340250423293641
0.23463455160346403
0.798056386763856
0.5970645365090852
0.34691276091071843
0.52289743990655
0.9561355232806259
0.6579604455117829
0.8518768622058419
0.7052009868664121
0.3790034404255858
0.9687782980566338
0.586237786990834
0.017440978784746444
0.6388403906844529
0.6527455211733654
0.1630781488411726
0.8633858224078802
0.6478865910748153
0.2644764852515785
0.46725147485723345
0.04783592379300543
0.3529924783230993
0.25993458368601374
0.08971203749214982
0.25993493280605073
0.24110169365426268
0.5220179687696275
0.5006013612608997
0.4742383740933564
0.2592321396019001
0.8354025376420618
0.8108456206399757
0.2205306182573861
0.8170057875333476
0.0479266554041889
0.13909054446650282
0.35502190475192424
0.9629891176928338
0.4253927369884606
0.011209572571426471
0.5960147735010328
0.47445325285177403
0.9759060701412227
0.4854335049086936
0.8922652889228418
0.8601058338146251
0.7494225753781986
0.5911776018891656
0.07812475108392557
0.37934193016004336
0.544529226034207
0.5949271021947107
0.8885199013858435
0.5700990577934568
0.5661067176440416
0.35509776049692976
0.4393310973772826
0.32196183729055666
0.13814301322422962
0.7424720262918819
0.6399730755563383
0.0004921839377062149
0.6283476452640949
0.6585472428928402
0.283008217501538
0.03711555069940441
0.6303010268660675
0.006852740591780724
0.3795341121541245
0.4865801111552404
0.678047329631388
0.6230241822689498
0.23042493641499243
0.46905334748255245
0.48683144224597835
0.46074209484607836
0.5008326915199126
0.15868142267962312
0.25074046615532675
0.1057241187342303
0.22101516944778662
0.04075777193656798
0.17476411013011559
0.9983700737701651
0.3979987317612983
0.577571545806399
0.8394915831922174
0.2927136309448894
0.28811867441436134
0.21476151671064614
0.7206503985267152
0.29943257645515353
0.13393157834778402
0.4298363440338052
0.35695529412686355
0.04028634014695466
0.4973333822070125
0.4904831159255066
0.7689285870682256
0.5009436229252813
0.4215358620870421
0.3981458486627181
0.5054966861883148
0.8223175897761104
0.6372636200782552
0.7455758676312101
0.5001626144446094
0.22341139860341608
0.44614116160164463
0.635557021564077
0.22753607836562148
0.4994506220614859
0.4155956610249278
0.6030718534405445
0.49971217534886686
0.3275177344968943
0.13649853407067408
0.21066166686088383
0.006781951747422205
0.3892772310537597
0.451789662110549
0.2976064917335008
0.9211925821460937
0.3073874464110912
0.7495220598033436
0.9693512591643862
0.11155753569481762
0.3910112719661564
0.30916261914368265
0.47465995456017607
0.49872409974894905
0.33508660541339347
0.45576577876417307
0.9689911670369159
0.07635331598008192
0.5902840109194984
0.20548565692427706
0.543424076146757
0.9183909096860566
0.4252248520656121
0.5039174128923565
0.223507896672724
0.3707330061860161
0.6523247980566729
0.8487114871857385
0.47431338443673426
0.4453761647343401
0.15966634648457148
0.41759229936177666
0.7727226129391638
0.5055908893962879
0.3945976322788753
0.08416766075576322
0.9625739193775384
0.6905086121247483
0.18996827120544457
0.45902660873594786
0.15729587734047668
0.5339453366223732
0.5195108837959163
0.8642277870219962
0.3936494936266406
0.5797247199381782
0.6508641834022364
0.8618832389718132
0.19183742175129362
0.6744045232369663
0.6475929000389742
0.7039576047516386
0.6787290792147848
0.14727277551777188
0.36514718509058924
0.9720217460088951
0.024733134289490918
0.6547202632961716
0.9377734422513025
0.6128332149675164
0.8073593194316385
0.29308747682243247
0.07320224346186097
0.024606645958157404
0.6551324227847548
0.24474361617618637
0.3895132796081309
0.5841121171689653
0.33028786233646185
0.32324836182298267
0.22637774097469623
0.40846193801936265
0.37031228697340457
0.5368605222178459
0.5171096157636673
0.0908302214154595
0.525018560799905
0.7599955135733475
0.949596489059211
0.5190245544551095
0.9219184985965436
0.7889212620528033
0.891030368297618
0.4340664629350682
0.6218235899135627
0.1875024346266513
0.8909855677217067
0.7430954517840686
0.8031979319790087
0.0964959130136544
0.7546925601358918
0.8856450351813157
0.49544812025464563
0.07862801271445895
0.342582559324502
0.03014825175685096
0.4176592614419164
0.5586431792326525
0.6158444567843876
0.19070697082552518
0.9757710114646418
0.7812299491234449
0.1090638143718539
0.4462712135829165
0.16609954448346
0.26317578712728024
0.5037097961012654
0.7553084085485092
0.2373139481193353
0.8184654087399977
0.4881531908752223
0.2934550277496882
0.7860720477877995
0.3635145232597423
0.5793609889271281
0.50155224763159
0.708290525359086
0.40956550940326625
0.6668439382388672
0.6507858147159199
0.48794658858112955
0.8169296115416577
0.4871877484139274
0.4609609441442705
0.49012471160077203
0.5279390737643497
0.8746391385138911
0.24814043397083943
0.22839625754530335
0.33809051917313815
0.9719893502479386
0.1864544426521507
0.7486696397435727
0.7506545314463584
0.6737930989383233
0.6552806869543988
0.3020866032185487
0.6384507354431186
0.8684944768120694
0.8902094992708609
0.9008052008585046
0.10800289408452991
0.4981286300515954
0.06666326616244152
0.4310954930956707
0.569114960353679
0.24588325887272044
0.5101186102113837
0.13067948407160784
0.5405478052749129
0.5410176568730798
0.05159816099443023
0.8938313067593237
0.6822247605815577
0.8349902850641403
0.9387036756027519
0.5144541988485971
0.4539788082834858
0.3774363862933946
0.5674750641726746
0.26448137840540265
0.8050121570820554
0.4322659771442858
0.20030377861669313
0.1491735575122445
0.6071375052138903
0.4005735069919004
0.47772120781804744
0.1264558830732486
0.48174282140976454
0.024869971208578128
0.5218356747850759
0.9863440827968569
0.48141136186857636
0.6064454378241432
0.12636411936710604
0.5780325998082853
0.4328996818637394
0.2114033898080077
0.3728091044909554
0.8047135061190753
0.6276035634652586
0.3053587132056667
0.4737886781145199
0.4200534922136579
0.6975304551331544
0.5193710861687305
0.023503762402833764
0.317287626096838
0.8650482180459405
0.1591530300635726
0.8596519351506174
0.5907817908478452
0.22532368223832205
0.007116933180052457
0.34064167600744744
0.9923155536343733
0.2757200252776276
0.3498145845857139
0.4751390907293256
0.8202378907066923
0.7104585063165916
0.39701375930922866
0.4055677347039809
0.23951987548304243
0.20401453974480233
0.3705023345455982
0.5586911662787466
0.9953042218930378
0.839981577169437
0.7164899193127481
0.42513405782277486
0.6112386005284389
0.4693728187651279
0.08621775634716977
0.09704208942669078
0.31730322359492
0.2955132998229936
0.8878865971812664
0.8603781245598401
0.6120263980542203
0.15973021823037512
0.3793267637201183
0.9193573096405379
0.5472263464531061
0.49836463196086067
0.4168475339037889
0.45657022873275727
0.36772396207927455
0.9272714308388723
0.5488374348010797
0.05554629862706884
0.6564914480160331
0.23319283487810386
0.7205865330750838
0.33157077989668304
0.5507096569243988
0.336765084486384
0.8300066974617711
0.924463182889299
0.8877989334888611
0.290528852477845
0.7052708572470582
0.7841727674602398
0.4576030363037039
0.2228810760099744
0.32136120914513805
0.8610829108843161
0.4764816153941284
0.46837094638793636
0.5456976590808557
0.24113825199184752
0.24594710775304615
0.35520359453429173
0.16862659075113653
0.9266738536604878
0.2521536170117343
0.7198527879811978
0.8468886167641629
0.031323416188012036
0.3176738944231272
0.4087737590074797
0.17964426468587316
0.44104440150580665
0.9987055216071098
0.773740102642982
0.41989499226224264
0.4825505488431546
0.34664842132228085
0.5225300338107411
0.5242132679799397
0.24612021603376052
0.28224702238162946
0.9110788393409547
0.3299933788119685
0.3423644335442514
0.7848163884576035
0.12782967255375088
0.8559090113863288
0.6242735121959253
0.6506351547724243
0.5014685567589233
0.5999495739240891
0.8940700374150379
0.45353009763627916
0.5262871488284024
0.31986564928865036
0.3463577665703928
0.28124175489397274
0.7671152464275528
0.7573588992542125
0.6062552897705287
0.4947835494360224
0.4657224076712605
0.00762366377988563
0.7096124912165486
0.4756291602148189
0.5485090331122742
0.886207763028593
0.551475781861404
0.3056220006065287
0.8177261687616889
0.9051213145548961
0.6817846485062002
0.5418358559148402
0.4717399536461612
0.8079111799563471
0.4350814283739185
0.8537190441757143
0.03384837908551548
0.2795031218326463
0.992588287885766
0.7323437535478543
0.866864327487171
0.6976842430606892
0.7031073958544091
0.40710231859478563
0.20348553748541665
0.7933754417966813
0.8341729355073761
0.3101613067165211
0.33802485408525995
0.5970312267145279
0.8768301285866846
0.4416622998840969
0.6062903672429801
0.8354648799942191
0.3984458407444842
0.6147000692932595
0.5195039865411715
0.4210197146757089
0.733392725502598
0.5681037987004238
0.789408815156738
0.9950565797373264
0.5034575739445013
0.5494338989878661
0.41651635063536374
0.1190736514184659
0.4326169094046606
0.3386716063658244
0.4663839665433452
0.3978025640111239
0.21926298340072384
0.3456622294831831
0.8892052895607881
0.18818887504889975
0.4436587567540707
0.20927938497525203
0.3223129083156708
0.9710442805394063
0.4847505761979479
0.9320211733166636
0.4605487785290755
0.5221887520431842
0.7745685893900182
0.25702647146947005
0.6720926779442677
0.4594688467165761
0.5170669895005015
0.4202469336998991
0.6442204636914596
0.9319531639103824
0.9696607373646777
0.8505337857811949
0.025387874465731198
0.02733340588521373
0.48483029788728726
0.06898585545714937
0.3965375066162205
0.030398104008953625
0.08356231743807203
0.0771834261186507
0.5208427033386883
0.6281502212350595
0.18286853155007576
0.591938654376809
0.9542082917343648
0.2424820412748346
0.6808659810453284
0.6614619623937509
0.03400599210083099
0.8922871601726308
0.09894802792346748
0.3414900173706941
0.2185545270636188
0.8429841216494186
0.480480120856832
0.4579431882059258
0.3189645395174943
0.5405844041519974
0.4411190104378679
0.7065449416364427
0.8711417857685477
0.17658091650065164
0.016485488482870927
0.4521828654093685
0.8134904402437118
0.9828652879571198
0.6415543990746525
0.9300722237682892
0.23262277921035882
0.7416218737780537
0.10961032079918431
0.192437253683551
0.33897787363827386
0.2813048539662704
0.8927839125008163
0.43311778194197403
0.6529433727756413
0.88951037108918
0.1662984272263719
0.983316458894338
0.5001225036917937
0.5726339049545145
0.7601638018386507
0.7834037807852705
0.3520021105748914
0.6443739574620885
0.8146691122133813
0.5978027713451726
0.7182550413417476
0.08145782943923394
0.31197190685741155
0.5323749840108668
0.28963490829583327
0.6615830604406003
0.27559817954695254
0.11807866602294241
0.7595376052399295
0.7383151456458709
0.28041419094509623
0.9287737598042508
0.6537105047742082
0.9335043561692168
0.5315532332174238
0.623311868194558
0.4772412644377794
0.49056993509441477
0.027271686331052494
0.4387170898484523
0.06810880832975982
0.4702246270923963
0.22457999803246081
0.9372250345533722
0.5574474106252081
0.4531841367300474
0.0405482949312768
0.9287014287579675
0.511230445455482
0.13373589376534242
0.23400734215399147
0.3370450450145168
0.6258347266229196
0.2681592351670661
0.5001920010036305
0.06425277665962983
0.09077746278954725
0.17343156679253088
0.9016340279635635
0.4348273367518933
0.35472580988653396
0.5512783764980239
0.46805071222102557
0.5076295893672796
0.5363415309663487
0.591341243082415
0.9157251967582679
0.11299060966918766
0.607435090693336
0.4683960509902877
0.03302058617837868
0.7814340482181363
0.7923810731286016
0.14834514643847926
0.2585762474690383
0.23004812816515333
0.19744864998430106
0.7470118750259779
0.3788479131698367
0.2973744251534549
0.36472883373365006
0.474669199207165
0.04723181884882251
0.947492138699215
0.305904684551849
0.569755832323498
0.5594265632698984
0.48806230279276597
0.5100902458026172
0.9898675057186624
0.2099258795826589
0.5309417120538484
0.18277759968859417
0.2740124903054907
0.330045411288662
0.837946481098913
0.26592717619048284
0.40808917648838666
0.9887705290377571
0.47413925062651124
0.2445173450930503
0.08432748152364061
0.24918653738952345
0.4552043384920263
0.6263571180311306
0.30455652171482017
0.24884680150610988
0.20914801134794386
0.3768045921200069
0.5231541863065812
0.08403268613427327
0.6777149159694341
0.18921971980233218
0.22484345823201096
0.6123413251943536
0.9474149263177607
0.9185495311509907
0.13415741947925952
0.4175349721169093
0.12601547611279543
0.7201170363130548
0.2781193497787126
0.8432285040394484
0.6453695820143645
0.4530760042504731
0.17667287746168003
0.5864152730811858
0.1531411010950229
0.43636132654639503
0.21459617119584476
0.3128710481517616
0.0941030933149399
0.26324415538825663
0.6325985693055141
0.21721783302928346