0.36187331905754644
0.5629839917405626
0.6991077282535936
0.8227946107466666
0.9129393232896776
0.4440772669146123
0.999835208140843
0.41055910811508944
0.8090601836346528
0.7476642644390268
0.9741859951171684
0.8684656965767901
0.7015819396014171
0.44090711447222064
0.006935275499289632
0.09433713885695062
0.20561711206255331
0.7924093336659783
0.5761543361745213
0.9999789729807368
0.10513486595098182
0.8569255388227353
0.16633792375208292
0.8357567805316343
0.04534578514935108
0.9381597855964684
0.6229734051484432
0.893108508675578
0.31068329424695923
0.5735507875961376
0.24567856191622503
0.4319324553211307
0.6130623420239338
0.8561190740557619
0.5376462635217675
0.15330703125278702
0.9775217074322425
0.998696887726349
0.16442303168738362
0.9968633298400074
0.2779188851180419
0.9927201603609255
0.96683612649212
0.7997633362704772
0.24480532470659544
0.9998404400244378
0.38847293884153045
0.9589524529383753
0.950728362038432
0.22164062313622587
0.38337044868504405
0.30201622077101625
0.9940908864911381
0.8533048666968571
0.2686550666201494
0.7034391901556516
0.4578563323367902
0.9563868518840416
0.3754654599329963
0.6683179895354024
0.761582099928738
0.53298518862007
0.9771736842259994
0.4751202237569047
0.9987372680511645
0.9827612066811505
0.18221605190660786
0.5583777349207326
0.6782556426266014
0.8682510203641121
0.735864582810154
0.6486424466071182
0.7759320796059103
0.9355934060891962
0.7392855678979673
0.9885067366561144
0.983351561949309
0.34996056616549914
0.139631306769227
0.5423817921820817
0.9316394980134497
0.954375371055314
0.7306766832044873
0.5187247428343729
0.9222005835544094
0.9322194712381396
0.9856907211758719
0.5745911862380068
0.6010937473328176
0.9921309284433326
0.9733187786001448
0.9998376547177118
0.9952294871901416
0.6497175641066105
0.7007905679540372
0.9593995759369174
0.21463594014396348
0.9739434978182046
0.9838885998948591
0.541249440978026
0.9999801236808795
0.5561357774120524
0.5366695924206026
0.9680468365074673
0.5831396497883407
0.8911628326489158
0.17804939058890581
0.9948288957443646
0.9020485913348352
0.5024757496788663
0.12692441668560797
0.2485268644397565
0.08401469002873573
0.9431115903866606
0.9176620532597168
0.5363734589987679
0.9890182007822389
0.9836985795492809
0.5017472544706386
0.9373065438131063
0.4060365025258157
0.024040273366555127
0.7054306754216632
0.307352890740043
0.2396908295022562
0.19221578367184777
0.9852458070941229
0.8062058231140949
0.9999988082215474
0.082692383455016
0.9633874187106645
0.8055050493611808
0.1566577570337165
0.5528747302691948
0.958165151794354
0.30611961452195846
0.24847585781260334
0.9998785890412042
0.6013707659650005
0.9739038914973039
0.13098476696856226
0.6577781079128374
0.899448338149099
0.95708265727924
0.2320107593834831
0.7780686262551703
0.004295672472697839
0.47009562367296265
0.253319466118454
0.9359791741211972
0.07614591571973942
0.07349994978703166
0.9855438990654347
0.1925070137760149
0.9966698762417043
0.8835400009446653
0.5382575649757251
0.9936048374591097
0.8393072946970084
0.8870579824982444
0.9676559283125558
0.27932147922719325
0.6374956592631832
0.725078404451366
0.9989505475813105
0.9868274239257943
0.8580618295265048
0.3067859215640334
0.9469377996608818
0.9989965067933078
0.15573613578550174
0.9904073670996766
0.8141963177917116
0.8411397007467789
0.08474682735370266
0.8167245636619436
0.23059459800007562
0.4310983706584728
0.9306352233040537
0.9652066604133637
0.3850671982696555
0.9893223029122409
0.6498098356291012
0.6379506033967145
0.5602819638806554
0.8745015899094964
0.8992083891463017
0.9688042503353206
0.993800131682044
0.0746937427155506
0.8995892931524037
0.30114606920560066
0.575101325834862
0.9431597648664196
0.6141433240265157
0.21465837595759185
0.982082712347273
0.6867152806574994
0.9772774847119015
0.4051741235208801
0.9968451340556903
0.6817185962258412
0.9958814787873668
0.9967344519421505
0.7594705320519869
0.8958159109526768
0.3424391265432852
0.869443322762916
0.8265720202887888
0.9090222070736221
0.6878186488536209
0.28716327487941196
0.9839925825571655
0.9327023205549946
0.9994965358642596
0.2908500792858432
0.6910500959398092
0.597492076213504
0.9654178911787684
0.939202005965414
0.18065311764273312
0.9608640869666935
0.9999985743403949
0.7975676833731212
0.12522174509258194
0.039228588954818094
0.6528667161851549
0.7911162699595766
0.9165686521337123
0.9874133720417517
0.28117647837649345
0.9985121749154034
0.9620052122023536
0.2663459852954957
0.9775847593715845
0.47865148034649985
0.9199279848862041
0.8188748280465546
0.9863973456414242
0.894478928564684
0.7899329248070278
0.02993569107788064
0.05768417139864208
0.33925765200446517
0.3025002621594981
0.961629973767791
0.7324573363845039
0.9581266338734834
0.6723623161361036
0.9478227878016244
0.3356627198734505
0.6682815032040248
0.9532395721297728
0.1573320351621741
0.408483795180833
0.3432205278665779
0.9857720146195903
0.914238616988581
0.7271708402228232
0.3281697482822821
0.27914949487043866
0.9873028835879993
0.5623892821582465
0.8799117348234625
0.7941090733091674
0.25974741338485247
0.9987666175514125
0.10150340161852858
0.6575121599832798
0.19849264392429575
0.556283017517347
0.7918597913454595
0.9854276218902154
0.6476320490743792
0.839180218458491
0.3405321975550177
0.0926414512251769
0.5860925074741771
0.4483660643877091
0.7701276087203804
0.9932974302500923
0.21258774705324968
0.6975936556269916
0.3552883269730203
0.8241620856833453
0.8861630646889941
0.6683485567190727
0.09606236938817378
0.9547794765633246
0.18015096506687947
0.41047828553068777
0.9277415364599371
0.9672947513697454
0.15633364021673243
0.48087215782201537
0.7406493134440603
0.9992130964209215
0.8019378572933862
0.7147195489321824
0.14341258353490896
0.5413207420926771
0.1326076949284402
0.989457696096119
0.04609899115447164
0.7393455635417187
0.9960707912544349
0.5894992147249725
0.9581202860519398
0.45119611450264524
0.999257382300216
0.7925254720454937
0.735053711504071
0.029551454120618437
0.15248384706792856
0.9767941324188083
0.9955595633810514
0.8908859851452616
0.47463107532249166
0.38068939761790477
0.8348168424967802
0.2856343654496963
0.7794247704517762
0.9734465940580919
0.9998277440152482
0.8299134473311922
0.8872564877969888
0.34334331267205237
0.9817167518725377
0.9926134376751015
0.27156382127195994
0.27765362990549664
0.5943107600017651
0.9764501547127769
0.9999164725993902
0.9419682945725965
0.9475523526236937
0.43108620650529705
0.9226513468738434
0.6669400316557542
0.7775305459880707
0.9743332853586486
0.8640694946371593
0.9588262162374086
0.7150005326673009
0.9353393756115629
0.9166446924075423
0.2595850833124123
0.15730079010799028
0.3727010113414128
0.9568101753976183
0.9061706646064085
0.9477944724669186
0.5755379445723504
0.3874435779316201
0.7984672072366683
0.7650937161467786
0.9849577747042408
0.43484647922044756
0.9862200756711847
0.5020350872592437
0.4384032955829128
0.8346744698208912
0.47612530598530906
0.21187301461766544
0.7848857510996822
0.8955735872426673
0.9924719315884177
0.5294997982432098
0.8316166430192777
0.42761690584802764
0.7673061596081874
0.4587508416615439
0.9153360302237661
0.5131154329396468
0.9974309143762501
0.9993179448428952
0.17378588167897138
0.5572904088011754
0.778213452361955
0.8372678675957772
0.8735399945956809
0.2992943235747593
0.5229084317448618
0.12408309205388462
0.4602918287609246
0.9836232082401326
0.4229712579737052
0.592765962311702
0.996273415579234
0.42808946405629195
0.9994160363926327
0.7957208400038512
0.5735625401212336
0.10474418618475959
0.976171877267208
0.45965856189088955
0.9543945423160616
0.880179093050916
0.9909220387026063
0.4588940676469091
0.8394224548081152
0.9950846540219548
0.9240697556095342
0.8822925050482011
0.9669041565091604
0.32247507471641707
0.8669938710763356
0.022480166051328677
0.5199310013581089
0.6948665871284196
0.9716252529732665
0.05280805819017735
0.3141779728068887
0.8786210862250629
0.5324183561753553
0.3238556309797598
0.998928707635964
0.8854272887610917
0.8538803862095008
0.8768715476325463
0.2069770601771683
0.8873209726994146
0.9838287965423224
0.9999499801773223
0.8597201681802692
0.06866747741032705
0.3242368052136692
0.8555214716232619
0.6072071770074382
0.6770584771956021
0.5399984020425825
0.04835307669552702
0.974179800951099
0.2272397502733142
0.9416271965486138
0.8365543948412255
0.9093704446307433
0.47736900898758106
0.2205666251663221
0.16479066961154465
0.9860695785491418
0.0206964923722627
0.47766918478252957
0.9998143941577173
0.710254980396032
0.6317810996840738
0.9998703681397362
0.988518843423519
0.8162121341984966
0.40722301167044556
0.7039249809226245
0.7454256892225476
0.9228563930694398
0.9989055144787329
0.2439468645161901
0.7092217229272434
0.9786414775405752
0.6793251626049821
0.999998199841183
0.9928562613090747
0.9463473897450391
0.9999928469093751
0.8614736953463468
0.2667016963500265
0.10008984767775321
0.5791319730111896
0.9715089681458159
0.9895891200831739
0.8433344820916955
0.2339768263657799
0.9484478148768851
0.19435008025295594
0.40421613024090863
0.7113214700514756
0.9654111848220494
0.7622524993783235
0.9974925262542861
0.8842530720722248
0.871669034234944
0.9833360615299159
0.5977278460187259
0.7403823880061006
0.9909312486952971
0.7553353856717729
0.9316715006199555
0.4699668550550697
0.9837147577581139
0.3650180420374828
0.2830223069969191
0.8296058408742928
0.26288430136815044
0.8355051072008273
0.02392258266637999
0.22235360931346407
0.7293131984449429
0.014664702569534624
0.9173341154394601
0.8141748907547882
0.9850669937184623
0.7394005552015324
0.35771311828510355
0.7183047432866122
0.8923251848929249
0.9971236484770105
0.5201688679885424
0.9887520230930928
0.4237890252001406
0.15737019455456686
0.8710591394396776
0.9430237036736658
0.5260616902638199
0.1899731289163583
0.8262059502671422
0.8676016539265393
0.20026410627952212
0.9566507940492613
0.8854936208585903
0.7548926017830605
0.7332883359141739
0.6225993516726093
0.6491179339143749
0.9753037175802207
0.25909694731038696
0.16105704660109293
0.8472346213182207
0.9539617519505331
0.5965585929256819
0.6146107165784529
0.8758100778085454
0.09983653088000988
0.27716876634032506
0.9027337857254965
0.8391188331959156
0.9450217322882115
0.8883820711784608
0.944915554844759
0.9533726376426876
0.9541473650601734
0.15796958203170858
0.5620112737681985
0.9951610170496661
0.8077380973406023
0.32998283699060343
0.8959559127346213
0.7684632791004864
0.48613044540041556
0.36248320333280265
0.9241933369834483
0.8099752214160295
0.3862056445804141
0.2307327302782439
0.894496531828545
0.4142405891521986
0.2242070331504298
0.9198996858109405
0.24302442099440277
0.10081075584541797
0.4119970370566564
0.8163079740422536
0.4483636365188349
0.9915426568994705
0.044108266398127184
0.40664559529722283
0.8281989539081265
0.5347654888319577
0.9090456445222259
0.4414352693544427
0.9869119375590878
0.2475022067866434
0.6933614365113827
0.9999316896303704
0.9300258949092596
0.5953527818067449
0.8853328552874784
0.9991262744464103
0.22447137713905152
0.7457196135497198
0.35178361368170313
0.9828531227428404
0.9924519169418606
0.9482657754083614
0.811813447460669
0.046554203465737944
0.8207949440278918
0.00261187257312637
0.8821626290008847
0.9935895054044503
0.9984211229657056
0.9944652927945645
0.9981112618333011
0.6552145839897692
0.6628466238816016
0.5265362420171127
0.9686856714650524
0.6185497033444723
0.5999223313695778
0.09101073784462374
0.8633329036558332
0.9681040561612149
0.9628423892772728
0.9145369151659775
0.048079300283474
0.8107916332943834
0.7968948815986309
0.25457370712693417
0.23720898432910578
0.6147147510997601
0.26075314406065303
0.014343510083916575
0.9895632828132745
0.7768062542790355
0.021613455195740622
0.8334130096908146
0.7952538083454057
0.9676731450469956
0.328463150734067
0.7943423999644785
0.9617203235643951
0.8615404993468161
0.48354547863187425
0.9990598641423419
0.9936227615024635
0.9768445625747124
0.9787401939068445
0.3964909075298686
0.8554669355712246
0.7879547519135479
0.8491163694724074
0.7308568432135635
0.34608458727288194
0.959211484682594
0.9025108031159209
0.2618834891939121
0.99418212551338
0.351267126388718
0.9988574959762103
0.44370380972006795
0.8780449401974927
0.11546301513620791
0.564419896318026
0.9938015408048481
0.9327127921413548
0.0955164814256192
0.5407678145653432
0.7298837742828284
0.7831749675124616
0.4683038431583475
0.9606351300230268
0.8946987595404113
0.05541365313301228
0.9995081677921172
0.6453115268353817
0.5075111335366055
0.8151301975812307
0.13827041272088783
0.7535154795107013
0.7558956764119614
0.16689710088217563
0.5839914216999641
0.8633689219133326
0.491922655504667
0.08120761570927962
0.9766412509325554
0.9983496281529097
0.8269015995025875
0.9485278821707062
0.44153157233970636
0.9444091931657841
0.24634041699081954
0.16381477474290077
0.06956516198229855
0.9918725669087408
0.5682106655470281
0.7996088038308921
0.6699946767891427
0.9841741458873371
0.9576190803193434
0.17566938088583034
0.6121187819941569
0.35744875129146764
0.9140935360712634
0.052310346538321686
0.7797365696046483
0.8115734968005064
0.9461286755831467
0.2471415092578609
0.07556971565261933
0.31214472090371503
0.6549807092561533
0.5354767411266357
0.5714887932321403
0.9974815279971444
0.978530366930199
0.750399053250911
0.9925275531232339
0.721575815635354
0.948593176652833
0.6063940323621128
0.9170303313405311
0.7732532207334579
0.688071397413513
0.4943342370764207
0.8685980018940054
0.7541946378159872
0.7383635743190611
0.928475988450093
0.22438418928133697
0.8923622748999512
0.9980435296347341
0.7046387559531584
0.6914653788665451
0.7943459898495221
0.9980701882210048
0.9981283441915461
0.9855664326589578
0.7274496109312482
0.6522020594334614
0.9663680075276484
0.8680521642996937
0.4043791357286504
0.8603310017238627
0.7263328122121772
0.17591486158617903
0.5992023221286761
0.9045730981973721
0.9829838246467084
0.7847464531694238
0.4167436574752856
0.4644535099712074
0.08814235010167029
0.9912827136795136
0.9637758663016787
0.8231503431592356
0.7341505887568216
0.9977351466414498
0.9238667955446173
0.9455160310107712
0.7824409935279364
0.35907447225731526
0.8878052466399803
0.10874575744232745
0.4447870215260896
0.8509754908436512
0.7024891767985116
0.2748557577181219
0.9487111465592203
0.9287209737433263
0.3863339881872461
0.9836009989227237
0.9939178041130695
0.09168271223070182
0.03297103821805246
0.9455565599424876
0.63257929871604
0.7324177521973747
0.8735029174672874
0.3040113307076099
0.9757300436344883
0.5869177919808848
0.9473053979555307
0.9988443011000804
0.9817715842230377
0.630384711206786
0.8362831045962188
0.05991119530885121
0.47488937231825246
0.220686600680615
0.8377255607449318
0.9966843991294873
0.9827709448739423
0.13533929472846135
0.9935140834544971
0.7323057143147162
0.6360213987690551
0.20309074854425288
0.5847954709095565
0.9017887990939408
0.621612503126701
0.8004751343899219
0.8162289121750333
0.9680114877373897
0.7782810022165005
0.5032460650105284
0.1399962663582712
0.16333193811682012
0.9224052726506584
0.9904903194355602
0.4672569317596577
0.1707868729624083
0.8678774751221876
0.40292345636516863
0.8090433356587358
0.9772132542902305
0.9659689732012174
0.9594920245433203
0.8707257954653695
0.22655536293589607
0.09272718578781436
0.5652102400497361
0.8181167822851292
0.9973847515042499
0.9172208460065517
0.3986523231288729
0.9928838836628182
0.9688949812558796
0.8575581854683144
0.1839412407952789
0.44054294089051227
0.11243106118708669
0.4186577478749862
0.675418330534808
0.8762539511132237
0.8405008327484537
0.9297314863191297
0.6359998513913294
0.9986930344663976
0.26360180121615084
0.9867369858553319
0.9973865767595719
0.9056809123008454
0.700768171115249
0.9581483647100382
0.8924247881218698
0.8286297957655641
0.17598644835039579
0.21115105685725688
0.6220856353866233
0.35373564067465985
0.7587892158875131
0.6560287720964377
0.6550622553123215
0.9608136616008287
0.2489890639795116
0.988237061746483
0.6411975361000238
0.7413956342391649
0.29683193187583007
0.9995547495995529
0.9784117260607879
0.805900635356128
0.8096835345566362
0.6736602504470146
0.9153327629211113
0.10467960558523128
0.48658406952297417
0.6364820059876453
0.8033739934066393
0.6030520010297084
0.3793522268769983
0.9079672885428293
0.3073877312074767
0.3851138512280839
0.20383582462489755
0.9656469478817743
0.998327696724155
0.9959520748116532
0.9538503678399433
0.8334646981972252
0.825143287205033
0.5009370583280981
0.986285506985948
0.18700116873380596
0.3760645833091947
0.070853660675329
0.6161707455995926
0.853064592301672
0.9251391158092758
0.7934406652650076
0.891508203185936
0.9327890402465413
0.9171166251494786
0.6611674694477181
0.955105177505902
0.8464228954896182
0.6938289638952362
0.835602729647963
0.5364535980983877
0.9999975285101929
0.8867159533075604
0.8255183745129405
0.9071706601053369
0.036920797245274396
0.9771301638843096
0.24201683568714588
0.6909727688766208
0.35211764810245644
0.7732221142909333
0.9633346898830478
0.9759862497383899
0.7484593698796462
0.9635050242391879
0.9394884210480878
0.5839946612843516
0.1643103319861932
0.30914339845581085
0.7475188775478391
0.7529215766885679
0.9756771256512431
0.3907525041152844
0.34503491894473887
0.18201242847963556
0.9994827523326528
0.9491561608067948
0.5397375885912576
0.9710871715415742
0.5397331335055113
0.9989582247878769
0.9158731099782349
0.6536645321253913
0.9890391163671979
0.9963853052227005
0.39940882107913694
0.40906469050823546
0.8588816644759097
0.7908221404332283
0.8190090927215945
0.9653290323955186
0.18443616826986658
0.6206287815708581
0.9999999052548336
0.36776863243600066
0.2951032364726361
0.6133955868098588
0.2962279116922017
0.9957172096542221
0.7193007245652724
0.07476596598631738
0.9471555034401287
0.9991557285133539
0.15368568268508306
0.6462099596333826
0.23443390926153945
0.537181663037482
0.988063821065365
0.2631353701192977
0.44024116487391285
0.4993100754881973
0.7688359994231291
0.1516927738360328
0.08803684025057212
0.8998480118574886
0.8945436816313604
0.9225556345950195
0.9730344351928065
0.7735695611220418
0.9350340869731143
0.6060210667916516
0.6925256722689291
0.42299464894125993
0.10033798667462242
0.8501424154339375
0.1662568926908856
0.9326136099244599
0.10449192390819509
0.5427116420541729
0.8300106661865279
0.08608902702468448
0.5015016809413188
0.10947146439536469
0.03157467817632898
0.7237729050192312
0.8950645609553426
0.9912453740580348
0.5412886314549793
0.6753223497578953
0.9240878856005387
0.639995019289604
0.16430526800254688
0.8672526446499819
0.9361498974306431
0.23727889895078932
0.9318673986341582
0.09348443448325587
0.7905356613132093
0.49655759903829705
0.700848552870827
0.9501979670053959
0.5004358513718432
0.18078058376755157
0.987179349538117
0.6034492594923057
0.6416681023772026
0.16734622682334485
0.936543412833747
0.8268151743213666
0.844775263611369
0.667962607636756
0.4935823882674752
0.07590399583889368
0.7310396989455906
0.6571690750872903
0.9679616557031572
0.8553406960429196
0.7876063894906912
0.15342167176318347
0.08059736637840481
0.4100126794622209
0.884130709630577
0.16348540331351843
0.889726842258329