0.42384752844732265
0.6418479801872642
0.521535291541886
0.27644347316499845
0.23714935206568954
0.598353058115537
0.3971961858878396
0.4250678749761671
0.22722967211527317
0.036808754190803025
0.589613497295627
0.3533111137661132
0.3114655901466145
0.2453660600195629
0.20380794081996242
0.007196690115618888
0.13535133588840367
0.4063912367069041
0.10764441657653274
0.5650722124394978
0.24861972690832546
0.4390869280921941
0.5751319218521862
0.33040348690385163
0.9954916447120827
0.5531703231130947
0.9209867239361405
0.11431465448658686
0.6299083268886045
0.4989448460198014
0.6157757161410953
0.5900910919946059
0.9331752479415819
0.9839167339955879
0.9633763289182149
0.24225668313386134
0.6232409123762652
0.33774010546509065
0.9034966971856274
0.4964681335291049
0.07514037787173852
0.8118026618256233
0.8791962796835014
0.24116907272570975
0.12073619267486797
0.698515483109783
0.7468797852991783
0.39139810593125207
0.9465099713439922
0.36767721726191493
0.8068176128389334
0.42050025475632513
0.691843994416846
0.8374062022480434
0.8587157231850641
0.4416783737380014
0.4788593370461818
0.24470190506360742
0.7060687068687126
0.5456598000471706
0.01569830842686466
0.4035849068295764
0.6138266353216816
0.1658339054262373
0.6715151848627859
0.5319933222510006
0.18526058021143188
0.6274324032922137
0.9441128293903545
0.1491669959054191
0.4603304023070775
0.30321132141059454
0.6729680739240631
0.6199694560250787
0.764666266875458
0.48214807037812785
0.15658352467736703
0.9992562445449985
0.6920870903389206
0.3256018744688011
0.6621486114116787
0.543230004314585
0.26513533832242875
0.7242244197079676
0.33193791423246816
0.3525049129105926
0.3980412008426705
0.19549786329652574
0.37702089774710185
0.4067591523624079
0.5589387153852721
0.3779495570145626
0.823841214389901
0.16752734768451402
0.5609225795326044
0.3950648649269272
0.39435154329503513
0.4641446887518606
0.031865477528848676
0.1002964817450542
0.38240969545691755
0.18338963635863825
0.17601349759472676
0.27981027163483435
0.7959654688461794
0.5395823088335987
0.6387720452596662
0.5235817949706352
0.692491967562668
0.06354086354367534
0.904161941020169
0.2953387693238633
0.7064684789957042
0.06327209486557085
0.6185038414679406
0.4322090773805951
0.30362831437404403
0.7104238966954853
0.5514825018337607
0.632980268554713
0.11550876027567585
0.8918139869216813
0.47238377755056893
0.4050587462343938
0.4675799808342418
0.051331527339365586
0.5910144473992557
0.3463279258804006
0.5724474918950451
0.35505060458740495
0.12100281127521183
0.9789732617926435
0.5598573498744386
0.3948300202923152
0.529265925164737
0.03597546488675091
0.47494526662758163
0.9036437662635216
0.4572303190653363
0.2900254220155424
0.1737373238516766
0.17929039752548606
0.19882484306485831
0.6720606792141125
0.03364059857279975
0.9913441715283006
0.3183509071143178
0.31515197103794734
0.4564237718148305
0.49343588877309136
0.776156776658819
0.25946801711088197
0.5888062816697135
0.7035299402735643
0.24995981301802364
0.8925798672070306
0.6163513697482801
0.0589937749763896
0.8745414714017611
0.12439201280331018
0.7726897327151656
0.610862079482052
0.09981265527842971
0.28768637799719377
0.42548829009281675
0.5046346814406497
0.46245766309298253
0.4383830727037354
0.9355897766647847
0.42220189942775344
0.17909291520510462
0.3497938540309232
0.6634275571785317
0.12112977483447195
0.7902433563384543
0.2757618529166403
0.6563812483377219
0.8028177520373578
0.1599253012860154
0.6381874545094038
0.31750503214728815
0.44136648208016815
0.4947363759954239
0.6521759862759602
0.7680353096334017
0.883732679682887
0.9781935864396409
0.9596038656730094
0.587646577826232
0.6741449940115156
0.9427340879721193
0.5999181582205843
0.6397145449154159
0.35512316108092395
0.9303038310691399
0.7769393361774011
0.3976623948920605
0.7657940967995992
0.45769967897192876
0.08091933299281785
0.45532006454702273
0.7339171455760797
0.6970711352996364
0.4162179201087989
0.24373056092601042
0.6884644950778013
0.8113261585995747
0.7537341360389911
0.5891767926550091
0.3526784086930927
0.8658300030231408
0.5887658987834801
0.6786920062850125
0.5899841356170121
0.5688154186028495
0.42354540299813814
0.7936553505250491
0.7616417670484568
0.7030494439256995
0.2701612383400727
0.5977829475888946
0.6594761149393391
0.4870329500574811
0.7799853645381936
0.9808642375230291
0.8533556503810336
0.538508801137821
0.30264435995271116
0.020092171762801394
0.5572259243150718
0.1420703071118599
0.397897994452846
0.5260458923137352
0.4504825790730961
0.6791207444700692
0.3233777510630926
0.5690684063013671
0.2814655730375582
0.5900289174112869
0.14956574856044125
0.46964573035674234
0.6224700921087327
0.7634332471540681
0.5477227273986095
0.892679722922298
0.032300351609093746
0.47842412662944545
0.39713044286540505
0.598927841304167
0.19808201050474436
0.5458627270141445
0.505097270756489
0.26972235691340096
0.5714101065993595
0.739003362390362
0.7570146842688416
0.6921565200312092
0.24938445656160876
0.36956830962583964
0.898639707567103
0.66224811347804
0.4298160311051382
0.626974070589444
0.667842134390772
0.3277771538794711
0.7620867295141868
0.3744074808844307
0.590885152640865
0.6918492962996484
0.2278319182288634
0.5831057353371847
0.741140325312291
0.6857418434497332
0.4670328612398525
0.3953843952797751
0.6140679063756367
0.639931110057836
0.6080570636463538
0.4147211706568978
0.5338399828977088
0.545043718764753
0.6296849438629329
0.43586875620088195
0.6307196568078127
0.7624198872519131
0.8175273357589734
0.035362628310150496
0.3368669048230708
0.2316144219612984
0.016798002615342724
0.668115649617481
0.6129053618694645
0.6238130521878041
0.9932508608233205
0.041792433529608396
0.3606686134489153
0.8241797936207956
0.35003994757640244
0.4283142289293145
0.6495323414433285
0.6144836476022879
0.38378395408937777
0.6809765965341475
0.6159575531509668
0.9140303543381744
0.5939736353711759
0.4679020948878659
0.508336174452329
0.0023718825079688745
0.5399601347961097
0.024243441358032233
0.45897047118985407
0.3698085005488118
0.6893673736683615
0.2736007255406156
0.3007659400135244
0.40219867288839123
0.5239515459992995
0.19905655166426062
0.38051761019602126
0.9736343753726364
0.7412587360795803
0.13068151559999736
0.4348164503175318
0.38781247045893696
0.8628676975958832
0.39871018049167994
0.3965845425049937
0.42042348996777157
0.5312798954569045
0.919547235605176
0.2145668500527797
0.6833312359496657
0.523665205450511
0.4353841260639219
0.5422225010883603
0.056509416005434895
0.412530220647826
0.995742728715009
0.17340563904165793
0.7015661329421976
0.4739478522411603
0.3146732588267749
0.012148824181844197
0.0245444060280773
0.7086267067923389
0.14949605217515408
0.010464156167805957
0.36560332307139154
0.3852941774693023
0.7562302857070812
0.01080058870426344
0.7527612214486483
0.2579608140397745
0.855817047020028
0.30406649813387354
0.8743222664778717
0.12478387478466772
0.6415858005172806
0.32344791958115177
0.5409182955109404
0.7088290821646128
0.7799408459930322
0.39676865987277443
0.6268900243769282
0.979204314570683
0.28050080267851024
0.37241684873000563
0.41114122952662463
0.556862406946408
0.3182884366138963
0.4356568023105904
0.45588071654041007
0.5048194354065775
0.39373495463863134
0.1490370755742308
0.7531141132776197
0.6236819734516131
0.5760702638891751
0.15297386593255402
0.2704976779402173
0.8558161688289022
0.7271504420904819
0.33864399750613616
0.8418675387873974
0.26554425114313346
0.7177262443970011
0.4805372483388206
0.4586784660879923
0.9305457454926318
0.6361052509711242
0.013611082508164755
0.6020560314025507
0.9513923472250501
0.7016384190885229
0.8961945571191293
0.4627924434497938
0.4728757103774508
0.5191501566705081
0.17880578052995902
0.6992798020391225
0.5568896246300393
0.5412544736259042
0.3797316113211939
0.7050226008104535
0.806259653169775
0.5258520686374614
0.8809807878686721
0.5838416647514272
0.6480197404255741
0.15602582465123652
0.8297864636442166
0.8480802063899676
0.7156066294524738
0.2006345304382461
0.43196641017778453
0.5161750803767107
0.5560174648483309
0.4853741684935848
0.6801813282230709
0.15663182599593495
0.9038631185106968
0.49949315246204007
0.57144121742994
0.2589488776137222
0.3920669019177936
0.43158144223106387
0.8310478156197754
0.39372578168019157
0.014461057787844086
0.13523127126725043
0.7288853790777936
0.29264544539683146
0.30646933371796936
0.5318888638883829
0.9174647143654947
0.753212118278256
0.6555438957752672
0.013962269219759038
0.4309070829149247
0.6002621104784195
0.4880961457571919
0.8666564343085152
0.4071179126098162
0.4997346059050748
0.1890087013468595
0.9244715265826283
0.29832748997902186
0.19213476219680806
0.3334453295007867
0.46620120549379745
0.5081004709501421
0.3422020000126272
0.44764207831408764
0.4864233251204635
0.7636542772913186
0.6169364891745764
0.8194752102406415
0.4945533490171177
0.5773897823150727
0.5635957735896586
0.7035367869712221
0.5870915565215996
0.0772283872854902
0.893230442942268
0.969749194396024
0.818150456955046
0.2957206527200791
0.3399248580841402
0.9690104631084143
0.1516848877861615
0.8173874850787486
0.6076239374196638
0.81991655688367
0.9001960787809088
0.62262019788936
0.5946192685673732
0.9192494615239146
0.04163075270099638
0.45816147213171565
0.7643673137936793
0.7814369339457009
0.2658287100554774
0.7053709134877092
0.02414786887435965
0.5263997421801081
0.4981179943097212
0.44340159274325386
0.7207429817767773
0.18076963982766966
0.4130496457045798
0.1067063622562269
0.4046300775028655
0.482681660077967
0.43048248090992175
0.6413747824609257
0.5934076516458233
0.6191294363989189
0.5814477483253181
0.37851687569717607
0.48776636443658333
0.4758238133265622
0.9845288549171076
0.5983432544022893
0.39224060818503836
0.5892306077126174
0.6547141361557272
0.24776318665276356
0.2722009887709448
0.4957615395776197
0.9050773337455273
0.29614502207605786
0.2891832283119245
0.418574584096891
0.9043483296747662
0.3521718393993464
0.1837375545533853
0.47687141338218025
0.8234431431991376
0.8437898038687793
0.06774514581175184
0.43643857168131667
0.37044482976105847
0.32056535061929436
0.3169530914634591
0.5555433822472429
0.46656533255377547
0.998050823651911
0.3285627360093341
0.6835356042433861
0.4017917184993625
0.180324043686079
0.8013021096881169
0.7662375947899843
0.41399141659312844
0.3609431103095674
0.1977496794973647
0.02218245954141184
0.08697161059530849
0.588281345586825
0.3196585381477681
0.961724520296636
0.7409618576832753
0.6531430604021446
0.24982508319793043
0.18846890137642358
0.048214466964155045
0.36251507844746694
0.6805413359332046
0.4014470760930863
0.426027562853763
0.17049166953285813
0.6768576997887231
0.665468393192748
0.6519351654240269
0.7651706136708836
0.6580474782757452
0.5494265486427446
0.1707245127656291
0.5751669564080615
0.4465684785479376
0.02349963825316032
0.08951301353189699
0.7531908203215621
0.904277410382166
0.12990800327220967
0.07758370178534676
0.8942311083355455
0.6723052968101572
0.4646528491863755
0.39486754225746035
0.465690756192873
0.330474863666425
0.53351473725528
0.39761366926847436
0.9921866422048324
0.19374330597824105
0.5682552301844412
0.6985288979059991
0.3002083007466619
0.4401303619713023
0.8661108069625416
0.41283988484044715
0.6121359565234419
0.9226388582155841
0.24589018106242744
0.6364430235582162
0.6446544272047208
0.4204581404301048
0.4543431033736076
0.5135225030749759
0.8329046799509237
0.8806802821302933
0.1776290299247003
0.2696002652475168
0.5781060066426462
0.0022870185741065683
0.4643873627792927
0.48113009044045163
0.6626999043938172
0.2910063809683527
0.09933125818326165
0.6487629680773997
0.8832383124593122
0.23972076002806528
0.5740521769570534
0.5147745527504505
0.03170284682690774
0.29167166354816915
0.23106416388755688
0.425084779540667
0.02710294032046855
0.2856631358937952
0.8641195437756275
0.7885195612305165
0.11083840480913922
0.37335853009565867
0.5003162051602491
0.6064435082659156
0.9309674320378734
0.7205030086714496
0.9007308759362108
0.5157137456521493
0.4899550053620609
0.4755256857414243
0.31786274670287007
0.5118848268078922
0.925886652376387
0.5569935465495666
0.5071686641230658
0.618497501187549
0.6220120642863902
0.42529686874505096
0.5118832950539902
0.8500760553045726
0.546105237082524
0.697434507726733
0.258679208426026
0.04987093638415392
0.721706785865834
0.48935664119139805
0.5958545362918948
0.16868833293285654
0.7833113647726188
0.6081774245068448
0.7271370300714481
0.6367442647563994
0.7029897097932171
0.31904182624673466
0.5605594151352246
0.554666724337494
0.981606315179962
0.21836282251569294
0.049169359703286654
0.8445696017619808
0.43672967783146227
0.6912038247142824
0.9987289689289705
0.3132065350495509
0.4196702227494431
0.9420171617768855
0.1291971530140279
0.4614840946214776
0.4065142901598731
0.7823021033775021
0.660214458736817
0.3591667597463141
0.6182145874449734
0.21983232899652558
0.917323965330067
0.8325531942593544
0.6512675294687279
0.6898986535449989
0.5807886493372195
0.4968808001965895
0.3165891942353475
0.21747475058656882
0.12465840152664975
0.7311301872627436
0.5701113627578531
0.2577969035335647
0.8528139702372757
0.8018801482502836
0.7034781061634102
0.5229760430343307
0.8645242185714895
0.11014581222896208
0.1116326125445557
0.5444605838507937
0.19515866553802202
0.48753618375062957
0.4207972462667638
0.5410841170608008
0.5055287785943262
0.2703710745955968
0.27415620530725815
0.30313022337975465
0.7126287344505873
0.7338580437117419
0.32100376284390086
0.5510340206602593
0.5239837495058549
0.043914352684311174
0.4587969809444244
0.6157030019610602
0.5558698064877061
0.09005282516158701
0.9389039675000349
0.3603690711098253
0.21958079501407893
0.1261564668603034
0.41375379533610307
0.6077930084208525
0.825114410240848
0.46780730339744975
0.4245480354159834
0.3794311622037078
0.07322875536337886
0.695584459059476
0.3197851898048476
0.6058115867373146
0.8359782006775588
0.296538296886246
0.7749586270994272
0.30470973469591456
0.3611080058991617
0.3218991593935346
0.5489975882631171
0.9378732917930332
0.18086240732437037
0.6356627180513247
0.25386513353915086
0.30450216685054415
0.6126078977274986
0.39887754928620855
0.338444242911938
0.9531966363122814
0.9704577797430306
0.606774239241657
0.4912082481702933
0.5851073911823066
0.22646452379097107
0.8099783109367664
0.24053350002846943
0.5013298944177146
0.851469546873717
0.43304367376338604
0.4761153148573199
0.6574574679370258
0.8712011102439129
0.10944655603897319
0.8259613308823096
0.3025161184449462
0.9176078877179354
0.38174220783606194
0.10416682677574905
0.011068535744891377
0.5318527655082741
0.6028072539382949
0.4731189410475498
0.5755596626673543
0.7866775653427927
0.579916708801523
0.22648927684409242
0.7548691948745015
0.23084796606520183
0.06463731972706586
0.2184733879765316
0.5702858008737428
0.44805021430300834
0.9778448910414795
0.4899290549445791
0.43239699262036635
0.9933833842549687
0.696142342727377
0.2915825911863984
0.583079391114935
0.1205222434004873
0.06264677874775058
0.3012634639943915
0.7947140776375853
0.3368006265410021
0.936907533808011
0.27443260853753404
0.7046405049314705
0.35170386199531256
0.24563929609613203
0.7629381809820005
0.19263987420956058
0.7293452168351267
0.3159809710969802
0.7807132989852603
0.28950336528158627
0.701337288276681
0.26282624765812396
0.5616366605530033
0.4527984010673407
0.013447805511800257
0.3155633092254697
0.31494383903917456
0.6252213445578588
0.4785107298336962
0.13133764358522043
0.21505740372578164
0.45078336913342454
0.8803956192666198
0.2277543837618348
0.516379520606922
0.34985579417944696
0.9053238550258925
0.1384200354215808
0.3123522552250465
0.8150650939631003
0.23555993610364742
0.4400233903346963
0.41183222441213074
0.9534529940576093
0.9165615432648558
0.255860268473312
0.49720984253738415
0.0938840331255261
0.4801829799926659
0.3647719611933478
0.2608038467735562
0.47768400607848915
0.3812499232242251
0.09473067043043301
0.07276676248507576
0.20980811204831798
0.7337549385180473
0.6905542154784888
0.8213073332858741
0.16239375201873735
0.37997658251497474
0.04392534262040067
0.4783866276725159
0.7831339805343362
0.5082339014539099
0.3263150646257421
0.7959646957389979
0.49035515330878443
0.6413885613968385
0.12546012074938245
0.3856344408551648
0.7773892204433218
0.741182185896825
0.16485515111198537
0.2763702716838643
0.32991870729787376
0.5437116670463579
0.3623513686343416
0.3852980613784051
0.992313820241008
0.7164685262889449
0.9143035240351103
0.4521942442408507
0.41908952801913407
0.12442873104639017
0.25109925316918186
0.48995005209304426
0.5914171252875419
0.8295509906300937
0.26584838809321043
0.8770766975889468
0.28007220918299774
0.20791149471328063
0.488869093322783
0.7225579920288017
0.7245362018925712
0.10455022865505673
0.9917728497173164
0.1264633597221843
0.12728699235910482
0.8386112248142379
0.34372547585715796
0.008473135325068926
0.060522155541122176
0.5349843899578661
0.06849059761946684
0.29683208125835464
0.20389248266271912
0.02456985327670434
0.5514709103487776
0.5592004891829645
0.5457178200636374
0.19257530322351785
0.8645827714413036
0.42389393259121216
0.3989502695834694
0.5093092184600442
0.3985655334598469
0.44942693918739957
0.08548339555091158
0.12469881026875491
0.7686517154276236
0.6949272018069177
0.15086757979333126
0.4401607981905379
0.522304555680456
0.7622334131683179
0.5377223512509447
0.48444347906188145
0.1559801060907269
0.8215911478439357
0.3225324267380301
0.5534593931995195
0.5764349466441263
0.6797150891195144
0.2589332147299946
0.6099680007815819
0.5769882892337841
0.4314199467851396
0.48082996352765317
0.22534488362359978
0.3803542673765198
0.12919488878054083
0.3635274913497391
0.30506536319342686
0.729042085406306
0.3760714041603245
0.9587263735945396
0.8305916285928011
0.9196633562756066
0.2855907398318399
0.73219384869853
0.2475776306634536
0.4473634372767726
0.4089277212532759
0.502101331562959
0.8684836758195318
0.7368265840943796
0.6738701765180012
0.31873841815181686
0.6659328211392647
0.13172959673913082
0.04636794209393148
0.41468622381937664
0.6778378552110301
0.16038603381070035
0.9804712864319318
0.24847883807995902
0.2570765329370467
0.18595170944478387
0.589205797835127
0.2904965423311907
0.6514126964453011
0.6928115112559121
0.03874147298668871
0.6357488323671456
0.5920108132453401
0.5144512205320926
0.9976050299865515
0.9003539988981409
0.08548860262169865
0.33499998125862485
0.9628222710742992
0.25235465672079255
0.23872740084528238
0.23422553238573204
0.9070633314848193
0.8591817037244474
0.8803273703992999
0.5590063019699307
0.4754453736609583
0.2220009511752265
0.77061160423655
0.06849262035500452
0.4168635796383827
0.573884916833731
0.3080527548636352
0.9854639664359277
0.06990441386166794
0.994525732016971
0.49011401670472293
0.44706891367411444
0.7828884145853192
0.833981442737807
0.5811940210479203
0.30171593394939256
0.5803468195803161
0.9022796475091672
0.4890857271673048
0.9060432412966191
0.6580005594445588
0.03363706574281433
0.4416222129869442
0.9634565228055277
0.6312369966027274
0.09750219486966792
0.42313777028705674
0.5912706965342721
0.35628068818044795
0.35396230455393385
0.627874511145918
0.8725402345023769
0.5182009554311556
0.2924706240577645
0.22530625003456403
0.955827718058803
0.1603407409382894