0.024881039125412723
0.7287424610837406
0.6242608710616777
0.9278194662626318
0.9440927827003276
0.7608765709906123
0.9984286751686504
0.9755419444383601
0.16875612907887527
0.42513724161490946
0.956450950367343
0.9360276311373151
0.9690108860508243
0.2337677423622723
0.6946810083362607
0.3297320588526424
0.9262702468673837
0.557843480937614
0.5994571644711391
0.9829904122425874
0.15876827126126355
0.7105929796687446
0.7738753910478636
0.9677155564449411
0.5964319998544849
0.8082707151787404
0.6448399097172467
0.953549980887942
0.8401833690658884
0.24453093850221322
0.466813354367692
0.8765428656910128
0.38278074438259907
0.4056890360618521
0.2547063964433464
0.16207452217458912
0.9373013287366831
0.1898400383194624
0.3963379771348304
0.9190162760460888
0.3768095607790132
0.9384969202341067
0.5543845430764682
0.45042998659850114
0.14358479384588993
0.7211788437851294
0.13379106127987817
0.9122409450069812
0.7580388559980257
0.15046081727273844
0.8931046783793204
0.12413362991454793
0.9532372691850052
0.3018115376826871
0.5456485325585586
0.5745602340594573
0.27893851433360195
0.8125252640587057
0.7307405522072439
0.7625312717910441
0.9844549919796594
0.1565890757924155
0.9968007697675627
0.10289620622499422
0.8957344425932042
0.7457095716219432
0.6571425416985116
0.9899052557822902
0.7481198787700611
0.8598880792052883
0.7370380745479205
0.8133214515605897
0.31664854663890546
0.7679119833514947
0.8116427127834388
0.9718675049583549
0.8240369934569043
0.39665122020369603
0.13432174350362264
0.1825544508685012
0.7502691132674222
0.993431923484019
0.1500918898567422
0.49005047986638833
0.8906323870457585
0.7939397625983352
0.8769703929960165
0.6902576593152776
0.24551262888754186
0.9371568903874846
0.8380482003141566
0.8847833812028068
0.7346561761551078
0.9229655961607542
0.905731553375898
0.9431394175154789
0.29869838221766837
0.9233487996996615
0.5307301746424327
0.4063132156794393
0.9815395131506469
0.8752802465131082
0.6195794317132373
0.7503674215133944
0.9010816560148694
0.9507044859140228
0.3060882881406651
0.9945438142886185
0.9850090967541334
0.25736033788297125
0.5181313241451406
0.1271720354386184
0.7058994500386371
0.38811565359703504
0.01264829629041517
0.4736286544149158
0.969274832982194
0.8681970419751213
0.030890761789378524
0.8481970679308903
0.34848917217463354
0.8605912460242195
0.15060390927347267
0.5203175062376776
0.8529038391527478
0.8083042536924904
0.9726343768858554
0.8732858062817431
0.9225487593823012
0.7894224788106118
0.6600837496005648
0.045113955275377426
0.45489813776366383
0.5986532962884052
0.6576603255529144
0.9386839310003958
0.5229042220954477
0.7890258359653196
0.5929945303856659
0.9630157650771763
0.5143455942139291
0.25661856747041023
0.9038629996901881
0.9071908879017268
0.577012057468253
0.5178553157001888
0.9988195734490525
0.6871081274020758
0.19465328596268816
0.9392055878305491
0.02660972423964535
0.8259279838234673
0.9360507722670003
0.374191169002664
0.9186751011845683
0.5712882342923826
0.11821999906017815
0.8286878310555976
0.6274642567731851
0.9893852567354438
0.9007164296544261
0.930348998964744
0.5097529956576764
0.07026004508835455
0.9776088251703906
0.9528765507875631
0.8455425831060798
0.8806099362912179
0.6324868367718315
0.9904851023404309
0.09490934116668727
0.860680104402974
0.15640102025853522
0.8252769927723936
0.8221971245032418
0.6760419354570376
0.3566001730555818
0.31121509645326434
0.5265648241330768
0.8239307589846548
0.9106580534321379
0.9829488141676468
0.7729302503316865
0.8718598141995128
0.7335061007230269
0.5728740253261465
0.10348167235141179
0.7909012425864789
0.9872684230608381
0.14994258736387256
0.7364137295202028
0.6958530108056902
0.31286956922292003
0.708129428419217
0.3265262822092216
0.5232705031578239
0.9845390088151618
0.7230467040256399
0.8802537758326255
0.10069584307713562
0.9196858383392476
0.6431491401734992
0.9510707665576864
0.9160436701152713
0.9232839496207992
0.2182977297832509
0.31081617979400233
0.7984900703917773
0.94924885087116
0.6424724268045704
0.3083548383383131
0.7233413254283784
0.8198031616784768
0.9678115851960837
0.9372111472504887
0.6749073901370667
0.6640716918747742
0.8658844655533753
0.9707530952908453
0.9724767423895546
0.4168766323512926
0.047072528134894355
0.9654748762525399
0.011900072245234712
0.669608907068182
0.16814177642242126
0.7642021306076394
0.9648860139686274
0.5181666603379519
0.8611939602872845
0.33881241101926507
0.6843339762587207
0.967300844645147
0.6321359339799989
0.9939143101155434
0.9702400998624722
0.8851934129744281
0.25862716939271063
0.8404077971006285
0.5339618769489513
0.81870918985112
0.7669946814360892
0.09351265831715361
0.7471200228593171
0.9618519308916165
0.49273280737293923
0.9547968391993883
0.997292276743219
0.7311306236611871
0.9175026081454996
0.6017765918307472
0.33008091859552946
0.801990883562147
0.8299632304547034
0.2790331074379119
0.3518687542763739
0.9749085423898763
0.917710195943856
0.7142199362969247
0.539593223719455
0.7125071250650489
0.9720184160596381
0.10712236680817609
0.21869216156474383
0.7402132506121594
0.21087663725470096
0.9458773523947527
0.9669045340953706
0.8534521363814825
0.4089136496360326
0.5255593621350605
0.36606745612656016
0.9721492960369955
0.6533163712151973
0.8548896368849321
0.09958557671496118
0.6410474121764489
0.32736084738557164
0.6801617148130839
0.9625106409504631
0.9801331686363146
0.9453762501867341
0.09461076156009326
0.25049059216064523
0.6208617839600842
0.9290114297304928
0.42886351092347863
0.09828122547936262
0.9145688691342373
0.6107261993616887
0.9407281328262114
0.7713627024840499
0.9456732814615464
0.7278558969534389
0.8614109794598702
0.27136367408083933
0.965882825243697
0.26029329480103913
0.9019923631521
0.36670382184891215
0.4484371119360934
0.8849498397421207
0.9829912498849703
0.02555267739793193
0.805804460403478
0.9773611030884547
0.37332374691031844
0.7677529311901152
0.7385093004457969
0.8959705766836846
0.04786260971627557
0.9806957539203297
0.8629610332044616
0.902967160519091
0.9549525703222833
0.9328957503882117
0.9365303730306431
0.06428384687184853
0.9949754762922107
0.970232441435292
0.5087844623005353
0.6277797338681566
0.5361258125231485
0.9916418572007895
0.9239454518473165
0.8584848418216158
0.23167906494804166
0.9927043944945773
0.9206780583555938
0.2539267226055042
0.6474073486412881
0.3310499331369042
0.9641232230530887
0.9408365088654466
0.7801956495230769
0.9275130155468283
0.36777281104751797
0.8052080117458313
0.7331089616163725
0.396472235830172
0.8442849611357793
0.8878024966940625
0.853749323244093
0.5552650887819364
0.31331050546421063
0.9584778212352649
0.33060061863646606
0.6723574273384042
0.6162985863604423
0.9368407012211682
0.7987647386090305
0.5754197387690586
0.26022481766637817
0.498043294623807
0.8639708079749902
0.17676314915309363
0.4376779576217778
0.49993169325222353
0.9422850316280078
0.26969595211496833
0.9791317837637011
0.8197788164766759
0.2071642659076055
0.6017769241498071
0.9792882344223975
0.8518287261259505
0.9143416380865047
0.5363022654330829
0.9101090171772084
0.2377305257680799
0.5538243872326523
0.06986173118090364
0.9501924953711112
0.38208077749967784
0.8847707904644678
0.9513458686143781
0.8185250650372051
0.30499380262523396
0.9001167900181086
0.7670159231918068
0.7765947039885173
0.2986294173181518
0.5989016580428658
0.887016673211964
0.07616586508700425
0.9435469757946141
0.1394841569426396
0.7591248492741877
0.830594696911457
0.6105072027099259
0.7063809404046062
0.14825399599941805
0.2512399461650396
0.1802167544031152
0.9158301266368614
0.11938632414808502
0.9298509390804648
0.9840866523382842
0.9660544854427041
0.2675370964278699
0.18724763252225954
0.9328232335590815
0.9941707154585826
0.7565187138923839
0.7086244579956983
0.9534040962749469
0.9381601549990755
0.26874741113187745
0.45840756038814645
0.6480734385357145
0.9697701649129263
0.1931291356681035
0.9468988385210657
0.40129749408081045
0.47275590673414797
0.37699775950703646
0.8651469505180853
0.9539197969291895
0.8256721351345809
0.010452912226312148
0.9255964063622836
0.6459375023152962
0.9798270739656569
0.9589824084718689
0.39799731931777654
0.8222173330180438
0.43152325235183026
0.6669157079850229
0.4355768440205604
0.9154292957983253
0.41292699801768007
0.6051242833088462
0.9856680123670666
0.9364718234061012
0.022698231029393685
0.35828278370803823
0.8221749034036925
0.47218431851511883
0.3012237421928639
0.7800182324877751
0.9786754841357571
0.8628014201832767
0.8497441626991868
0.9993728269454192
0.20029110219531407
0.9139993481535504
0.6399209172138599
0.020617776317539496
0.6523793086205568
0.7257271289263341
0.49470820061677373
0.9765273945323553
0.9968708381494583
0.7565798549597371
0.8632347886740187
0.9955398980833877
0.9734909336154917
0.7922617380675049
0.9433923168334802
0.9995139681306052
0.8533724858410267
0.9536170394954268
0.8459591797739359
0.8056395585111144
0.8073406420738419
0.4359579131851461
0.8990637531382475
0.6200081621364176
0.9972878713040348
0.24400737506757322
0.9548074832794192
0.6608191612403386
0.6481174015950556
0.6132303120296188
0.6085338132377457
0.08474015338458234
0.9787812886845652
0.7564595851918421
0.8794769899177378
0.9603866199152044
0.8118659801125292
0.11173748740273004
0.8865328372062219
0.7039072252621728
0.6474270902866748
0.7176961890841812
0.9748968982414479
0.8033804240019045
0.7124703766606085
0.5922294609317134
0.0373007164443605
0.6348694863689537
0.0762804653401713
0.8661614470246394
0.6284709805952796
0.008606177003256032
0.9925763282418456
0.7396580452404581
0.9744889681870907
0.9693703376776722
0.6737559306744432
0.014028022291118361
0.40285592378525925
0.9298092843523591
0.723474884266498
0.9140877508753079
0.9769688841927433
0.20722536296188832
0.5000960847725842
0.8211819432149002
0.9902858445375247
0.6982647225302586
0.9277645480179623
0.862181293180812
0.2139850542711777
0.9366871621904607
0.6165060207852741
0.478176806739463
0.8487591605478875
0.7371423479210031
0.3541821385762602
0.937422008658923
0.5061468218548194
0.0380940093901234
0.6390179732348933
0.7903514243136135
0.479430750863913
0.686865073690707
0.8359530911078982
0.9545066993164267
0.628937810839244
0.4423114988564607
0.7945352987097835
0.8745289149995763
0.8984243138401479
0.925388115794758
0.9517168428265371
0.8218740230646345
0.7422723028225627
0.4687695070629839
0.9971086445230031
0.23196061019503206
0.5021024888209485
0.8313794205352939
0.8319523292277505
0.5872143786141243
0.7286357986397523
0.9689367812167071
0.35044576455069343
0.4317014134107566
0.5139890772380828
0.5129452077598317
0.8457410203325778
0.03184217820190303
0.9521290816774428
0.3099370147229012
0.9827476021909586
0.24182841275238137
0.7604412559314064
0.4979534985954541
0.8732652938804989
0.4586925180297397
0.2645069787574838
0.5077933471631082
0.5086124229619415
0.38028165865925023
0.868601659591319
0.8742745522875616
0.037766906587608645
0.7867755079998922
0.8646654016000137
0.8602015110472342
0.01874129110303977
0.7659162753789981
0.8862471275997797
0.6016018351287625
0.9696034914185746
0.9293584555236475
0.7720120800514729
0.9927075064276366
0.9144314508076707
0.5083057739898657
0.05248960716230022
0.14404235843676103
0.17660496151605348
0.6910415037342238
0.9523668452286882
0.9240921884905517
0.9579141373352843
0.2754214164016028
0.7750861878741566
0.6564001463583404
0.15427148415880676
0.5641020091780197
0.27804328781679316
0.4819655156865126
0.6511324555984982
0.9995801876559874
0.9937466043634875
0.8697958494402431
0.9997882470248267
0.47928777929455624
0.8097438102031207
0.4437267628827275
0.4717971493795586
0.6326622675863434
0.748694156391804
0.14981749171498032
0.8269557807924797
0.952652247433786
0.9471514232021914
0.44970897140941596
0.7365746111090452
0.8691077407892969
0.9850210341904425
0.21238928632134357
0.7819206608486721
0.9786772836746145
0.25987049396868456
0.9552346399281432
0.6278056021287783
0.2878171044774233
0.9862625975912409
0.9728119890557942
0.8274562385906788
0.9632512490169023
0.6070755262698596
0.21643235557446291
0.880896504487307
0.10116250527053171
0.9957755352301108
0.8837748592606633
0.4018183302686431
0.6234584984060076
0.5351195987851484
0.9996305873157803
0.7372741989288819
0.9721095415737739
0.9509606662888732
0.6780689625726699
0.995797885150976
0.9603791218905717
0.5831351134161875
0.9610610967171176
0.47122416960616864
0.9492207183214236
0.4487081071816026
0.9714705696303958
0.7731522422512012
0.9569995477136167
0.9891638076268596
0.353025192252339
0.1821927601533276
0.24226940175536552
0.8816997083829281
0.9336369394560385
0.9923711342719476
0.11470960782173156
0.833820044523155
0.8927669332552847
0.5636879965991216
0.38222389948447555
0.8162022413830106
0.9714360786844988
0.770455815527815
0.9861626677547831
0.1619522818127815
0.9599351629198155
0.876792997563327
0.4015892194359982
0.08791286657035657
0.04645503437977786
0.4108555940297779
0.7957295938954579
0.9012372880304605
0.9833364850386029
0.9521406220252574
0.7912344938213629
0.3447453807026669
0.957903880947557
0.875327551753283
0.656988891994508
0.7969436509706856
0.63042847973352
0.5777067505623515
0.9832757669902632
0.2719620818884207
0.6915413620572308
0.530957928936518
0.9865966572449906
0.8787742258993199
0.988934910403011
0.9596133759120979
0.6010509239615787
0.8954342377354427
0.4667735348897392
0.7163435202486188
0.9773705832767721
0.7352281076232353
0.9441033519288994
0.839137934624924
0.9771820412782725
0.40391045605273324
0.7750127488273328
0.9820681180032362
0.805703343180158
0.5092601425981589
0.43997836206337043
0.7189490600705911
0.381376526989672
0.7365693438289457
0.9446753212572588
0.951426811093528
0.9410596608295477
0.884444899008556
0.9564387674851766
0.17575597774895452
0.6248720652021452
0.9514851682493176
0.8765420817360425
0.9654864030551862
0.5539302756809862
0.9173091964575919
0.2682122841065151
0.2922934048306618
0.9632791562312526
0.918880739785574
0.7266184890599547
0.6939775900197939
0.6079117507054589
0.9945543090075808
0.9552563623359741
0.8761351211177196
0.4537409592950865
0.9150667055011709
0.8886717020667041
0.6630324227599194
0.35883445335028796
0.8545308327106286
0.9745817893172967
0.9975262477044015
0.573476539106513
0.6049280005750813
0.33717702462077254
0.8683329578861352
0.1553029522949085
0.9604483188602183
0.6574415283953794
0.7924394318917781
0.8848268683044792
0.004535110912306136
0.6554290725420051
0.7858682869697233
0.695182225132924
0.9902694588970359
0.617056170649301
0.7741269717395584
0.9650553302263172
0.4524299734665443
0.9685646610684672
0.984824779354147
0.19191511549243767
0.5862986848686526
0.3613323383916761
0.1537106897819366
0.7296163373536588
0.6252233527858458
0.7230357488671343
0.9747632801335249
0.9768248594804454
0.7498546956346805
0.9417201972180514
0.3988906101441174
0.24887251998359003
0.17337195700139868
0.38164282417029133
0.9603938983411427
0.7161632117339491
0.3778395424100403
0.9868347901401833
0.715605522003473
0.9319039400077823
0.29227570142408954
0.24903421046173327
0.7902090099821695
0.8549359377976192
0.942449179562475
0.6866102384066323
0.014026101009533574
0.7022567097804102
0.9391349668739224
0.9827907768838756
0.8628680648238237
0.08232562884309298
0.980348709744394
0.9759864987154412
0.9533322449695709
0.18542474913559912
0.07207541373635501
0.2539107389296941
0.9248779353302528
0.7679130792461151
0.7252996920559835
0.8275880312434534
0.8973091498151878
0.193029760959389
0.9348945799335517
0.7637923321225443
0.03972415486260445
0.7606871136941646
0.8821565093664853
0.7740393345661565
0.8315513065618934
0.6566609023874919
0.48658849554183703
0.9956248897996712
0.30213995402839483
0.458810692109695
0.901434091866199
0.8568257473818189
0.557237506429768
0.8347650115444759
0.945732213390176
0.781935847360489
0.08941785012025236
0.8120062355066763
0.715045595474754
0.24379642294040152
0.5879254422659229
0.32841660354274105
0.49550154934339663
0.7602825523076523
0.3990809429105385
0.9317334242839106
0.6882971223135357
0.9650003419582046
0.3552055390009106
0.8692373347844503
0.9229992283025394
0.8853434224658767
0.567959388699555
0.3884773038870848
0.2799478470076005
0.08448339998205949
0.5099117225554649
0.3155063063257109
0.8693065262103843
0.04366694262553313
0.9295069862825748
0.9816500931093528
0.7150677169217293
0.9323346702592287
0.401249731224242
0.8295897004873433
0.7804682958996662
0.9140357545107458
0.9471298448152103
0.7233620869089596
0.947283878216487
0.502303054917785
0.8878984162224697
0.660955608656064
0.7601148767943472
0.08838039756149864
0.6190483193148753
0.02099202103691173
0.813912651843208
0.8583350519899199
0.9796648556785463
0.08945667466008517
0.35585250214937786
0.9465152898627616
0.7361333038376323
0.5388274709461061
0.9739067530452183
0.7355057753540712
0.4401846635718822
0.9979740353827471
0.6475284488895034
0.8021182196014378
0.7062198282052682
0.6831976253437152
0.9615130130274356
0.303234354930481
0.5652877011520235
0.11813712570298318
0.6659187800615546
0.5861924534104459
0.9418170861286437
0.9259467657909414
0.8892566487010714
0.9481416026950743
0.8790055661384644
0.6885874860684167
0.5305799856542693
0.5576599221477637
0.9017723838541173
0.899782610669747
0.3368862784079248
0.9870908945291587
0.988613989904794
0.8375494560887061
0.9199653642086609
0.22149307885369343
0.9880694114570923
0.41509062664712393
0.9255436192762947
0.8169127272704834
0.7289500718016857
0.9956431675318227
0.8296368977342925
0.36488031909418106
0.24494176970899917
0.9566965746155146
0.9724997682320925
0.5647989289762521
0.9487393402159247
0.7577855821619001
0.8986736559600943
0.9453348011633107
0.7318004150761501
0.41972353042190436
0.33297559557496353
0.614960248670889
0.8789639075932874
0.7419337035521677
0.05729251544826239
0.9373170120165986
0.9573323478338309
0.1520010010266111
0.3117905062811513
0.39279047000685674
0.3449905590839137
0.9606779483687219
0.7446006172908533
0.21340295479345933
0.4731132994700332
0.2925147429660082
0.05644499341887708
0.5175054664433468
0.6434826185568888
0.8518748792759449
0.7427863438922893
0.9435816379646472
0.5090057411388784
0.8371577742553754
0.6216477623652142
0.7944569976374003
0.481365674269024
0.17343802892108515
0.10525702554720245
0.6926337153068328
0.3722360570746532
0.15933467265781515
0.38789476710515375
0.35401800849871395
0.7925007314755832
0.5217177566527386
0.8743892692595356
0.20377052835975437
0.3016956438847143
0.4442339163619307
0.9647485049839356
0.48479421037366105
0.929616317355149
0.5454451734346621
0.6425034062946537
0.043858256570368265
0.9248723935684093
0.9082934760918698
0.608827794993049
0.5293130554427031
0.3244649918017696
0.8726001434735884
0.7531122680098447
0.30011083988029275
0.889482700650181
0.9136670293077519
0.0535176826321263
0.945699577927638
0.5358085715159964
0.8278957810932188
0.4776436726275446
0.7274526050198608
0.6182810102825489
0.47537656840636733
0.7763394795604684
0.972316554023939
0.682266891070506
0.88964321022321
0.8927360973093396
0.8980183408071826
0.8542992790051939
0.8345418007949631
0.1378488270284276
0.9749845395116943
0.7227323881018441
0.8251924329900061
0.7605487127015998
0.44284180854774763