0.41477822905274486
0.007310486209762694
0.6474134793913725
0.14097414793977317
0.2421532198635313
0.7054601390646037
0.6064438718157166
0.30014060600181963
0.922112832000859
0.22371581320411058
0.6261595811116819
0.33385553804632645
0.9062067802752729
0.7253946700997804
0.37442242755535937
0.44925265917506335
0.3197119002733898
0.21550126322396457
0.28979672067854656
0.34622038600617805
0.9540566418944368
0.917715580830619
0.23243779797202585
0.7316362401278057
0.9212281733864077
0.7065383353421346
0.6906382550438194
0.25563140894365055
0.8510569019819635
0.9832185416762544
0.6958493546370131
0.6005207715059971
0.26900299566848784
0.8537426339769226
0.5456666812786903
0.792336771224655
0.5752226602891364
0.5426869781107321
0.8812794234252235
0.81042854080685
0.7659152763955329
0.6138182165312279
0.3517427414862195
0.11881775614404663
0.681843646607114
0.16686153316784796
0.6983343982842832
0.6313234440972494
0.24434299943184648
0.768388486538518
0.5858723323428051
0.243828190226121
0.35382633198507785
0.8447152864213364
0.3550241299778273
0.9868954803877227
0.20252911249511857
0.35365872207086174
0.2577284509530235
0.45709116598059457
0.3167082783552598
0.9821117553099226
0.3511734675835065
0.06523670097965359
0.7288142669366252
0.452991728011215
0.026600355544746653
0.2352684858811149
0.30960397630927067
0.623574747730687
0.42724445635839614
0.3135784638165521
0.030503153960545967
0.707668800129039
0.3564192346108446
0.4112752050078001
0.5282648246656508
0.23676813387778955
0.42544857268565633
0.14128691910103153
0.5539532812236861
0.48183258668086
0.09216649714583205
0.8235953676886383
0.6417965687405235
0.432651716726025
0.6000466537644124
0.9456882978957842
0.5244060882256442
0.6927175721806201
0.7156138753846217
0.042017698977689456
0.5156373833984985
0.14810201142807283
0.32706475620367204
0.2965590203284653
0.7378374337278921
0.8530743647660297
0.5671376212831046
0.35841865392128747
0.6360772727296671
0.851410505934527
0.340798975792497
0.49803014897339204
0.26797352412731373
0.5851438521276866
0.9021551060750922
0.6508487338030725
0.7597319175964826
0.01325368071035916
0.4354280972527772
0.2768120014638972
0.6911095627360165
0.2962895497947704
0.5736633901723194
0.027098113200573974
0.6496123299021104
0.5096168983666498
0.42239728710294727
0.8301119619409366
0.1500502421212007
0.8713766484253055
0.011125147083617868
0.1398443819421161
0.8325319321408231
0.7489309080024318
0.681675151670455
0.8645744847246407
0.2039328353798199
0.7965329541181022
0.5292651891008012
0.5919679172594234
0.9389266268831516
0.020413845279768635
0.30604117387552715
0.9691930927959599
0.0893833325932221
0.5991154934553462
0.04150281694667201
0.5825922256099282
0.4670957011683333
0.843677971548763
0.6217785761813414
0.3971315352823914
0.260815035054673
0.4662042724256749
0.5281517399749186
0.40297287928993913
0.11579030656284828
0.4012808260741495
0.553508343719465
0.7731177460236472
0.3536135923861056
0.19128103719938097
0.5813944625696924
0.2787841522371335
0.10309697096355985
0.9597292642309202
0.7100368994530799
0.4844594947154725
0.1455410677898245
0.20620537237965234
0.45811674741940955
0.7287783923679636
0.4728149843879499
0.5240055098725575
0.9184903900868421
0.2592407886936077
0.5771423180962166
0.5243133727031718
0.522431789002634
0.2846102674076487
0.38618697782256256
0.14671637920936395
0.15361541022470437
0.06833323186810697
0.9018983553546257
0.3440620432039584
0.49281072278936733
0.5305399124967897
0.9654956443057524
0.11540134507988609
0.5647743635195619
0.9086054566862468
0.28878368094450174
0.8631430948635058
0.17258988370698702
0.2677238508927159
0.9050893203964576
0.05770113194549714
0.9110750147773224
0.9367492954378004
0.94906575420274
0.2822629816237054
0.7454711007390286
0.3518406099428849
0.7182914928977219
0.708286250826217
0.43332006429332887
0.16848865448458758
0.5530066964928604
0.48719851755206617
0.6213359311857644
0.2894022702571758
0.35811883695197466
0.7513566227073606
0.21644488996059474
0.4107210582673614
0.6664180020809732
0.9399419316994724
0.10080157116597387
0.5848871254023355
0.34528921461796647
0.5207733771375551
0.5203257681761443
0.8227049142651482
0.8777757400300205
0.6740555706136958
0.46523205074328516
0.8838180661428646
0.46145979683559735
0.4425085293966468
0.5954337123042999
0.2648734805059969
0.6364710016841613
0.5974939084969623
0.7783049540064935
0.5321397776389678
0.9025793908652551
0.7548062786813403
0.12631103715853137
0.3574475710163876
0.49942027322448623
0.8231090909960115
0.447067934196841
0.07578574885482924
0.23385485911666515
0.1559451368304932
0.4198867504046405
0.2617578836883694
0.1269192222161756
0.67558987400175
0.29021515067950293
0.9082815565305972
0.7253965906235722
0.47577744341148226
0.056262111380985
0.3998311677091583
0.010021816023338332
0.7723937153845128
0.3420945476224612
0.9932864450312677
0.36520935351934614
0.4220871922172732
0.05111983073913568
0.08069030216610511
0.8255680666135028
0.3217099696778564
0.12538290309979766
0.7318885094540123
0.8623549846221336
0.6221040694673274
0.1880455206023484
0.47588525233634843
0.9823154435324498
0.5480888694487203
0.5298360087850916
0.33368883319670145
0.29845356889377334
0.3432459041822503
0.2256569790441753
0.01787330065736459
0.7334621991336313
0.06618166792774882
0.28718441363645986
0.7141804787721041
0.6747630841085764
0.044124423610956844
0.94175640142672
0.6112781254446916
0.4809512710997037
0.6791673657030672
0.11575692056935867
0.8976755493865162
0.8860929360764651
0.5044259335569111
0.3486809402368787
0.5545559057436452
0.8187220519701717
0.7250078685644434
0.16530939215595677
0.8235083358919724
0.3057557853496868
0.6395100333046753
0.5821069680160077
0.7982868788444661
0.4682340241495082
0.5803306432277824
0.1962093441186666
0.09338923456239519
0.09735022731985715
0.2559883771692319
0.3689643694433393
0.6622198091104247
0.8369722828831304
0.5027302391456573
0.042937961648648375
0.48710248995012817
0.7344717843748961
0.5353903859017858
0.34312795071343555
0.49689093280371266
0.7216657261910824
0.7629206207661957
0.12911887273227288
0.4691899411783905
0.679151931800502
0.21256738831256014
0.5404486051846003
0.5534211180433473
0.08624506328865279
0.04466389843916104
0.20951360887528983
0.5773528910859732
0.18239402537404478
0.6841844629232897
0.026014221095216197
0.5058627312110847
0.40319740241166435
0.019156102729878947
0.02488232092724038
0.11629926845385967
0.4797849934284731
0.2571903841900458
0.4626636469983547
0.6439878235998236
0.25782009855782045
0.4580392956821395
0.3198539744310127
0.5080246631164623
0.5432000226977797
0.4611603346540641
0.577444557176996
0.4252775010783509
0.5168152948776505
0.5919980164229458
0.8631792975838555
0.6613122943271864
0.24739703183272263
0.49577431216579126
0.7311698900972416
0.49450452789822275
0.16511722865712092
0.07757633072549293
0.5526707045851205
0.9562917436775011
0.2944660653702122
0.9450157841102904
0.3934167290463595
0.8183862404672216
0.2531971175430791
0.39195525785934543
0.376558083499649
0.874079259102386
0.3303919135427071
0.42244921299960786
0.43959435086309384
0.05320788072017553
0.47570333110163454
0.08518409934565045
0.8167152794790477
0.8725103055872755
0.4487317748042226
0.02366637894716784
0.5607541872003756
0.4740366046611134
0.7435938337753052
0.6639094055731712
0.2781270159164723
0.33013425039464955
0.3343353467041039
0.4722742525896892
0.8140247231248247
0.1602509713486788
0.5931742004556403
0.6768533113584059
0.8692442765306888
0.3707413762360971
0.6778355354214328
0.8736886184656258
0.3775652345115789
0.29936315124157525
0.011804921602662168
0.4232326496863433
0.1977996825710461
0.7018622008448235
0.731345522169414
0.5830591158463609
0.24136008745486992
0.812655797244856
0.8185541994045389
0.41416127824087845
0.7063358445541243
0.7470712260754028
0.5651855956164966
0.42346156255491546
0.2754366798219147
0.2505179836068067
0.9924598501210385
0.6816970423554264
0.595438305013611
0.6622070255584973
0.27140244005357195
0.659280087615309
0.9162135336314491
0.9351216721955897
0.5132492375429959
0.0627171080827917
0.46599050213264004
0.17247418641883416
0.1858100676529214
0.7269274206799274
0.629872784478539
0.19630101643959916
0.10308617879993592
0.34861719577573264
0.48600470320558536
0.7737046249847297
0.917602938389931
0.31488220713916815
0.10469928207902948
0.6604548335521289
0.7860682985921372
0.6238836345979571
0.3257718736430425
0.006923308144568851
0.7669343282132294
0.07740545723760893
0.2509340722548672
0.00889033508184765
0.8690719784690899
0.1972264044589845
0.1919730195261259
0.5796190533414561
0.6752533236310428
0.7392965503186675
0.6623927171708489
0.597967072823016
0.6517715395647512
0.8655876385765351
0.20963979981123895
0.3592257838298373
0.22326215318168913
0.5266341896052241
0.21259253372379647
0.2599448046295778
0.5781454953754119
0.7071527022864288
0.26108194030447723
0.6343103522934181
0.3920399200095088
0.31678126251346583
0.8298282034495841
0.6675600170140565
0.27507474809075494
0.8240490747455854
0.5372926677399443
0.7203168860456306
0.7981238053025879
0.3297357651189651
0.5534779799095283
0.7099430051124609
0.07975192348285588
0.172644678828027
0.4007716074264604
0.5198857702716544
0.4501011294868294
0.7852180242132545
0.3600591351964892
0.2515857126456173
0.021584322535868075
0.12036481476765681
0.20355670849934696
0.9102001348036411
0.29584013899379236
0.20058349284042523
0.32294176071092495
0.1572338838199211
0.06128030051822091
0.45431251140836076
0.09786575528678201
0.02759670887354438
0.4935292377446729
0.808862214005868
0.9412594467095159
0.5421641547699622
0.04578398903194529
0.11149837206330622
0.3694257124628827
0.9127945213656289
0.023261549609443575
0.6978366982482016
0.6291059613054928
0.7367198928315453
0.9269455070898653
0.5277096067939749
0.4475062280157796
0.20264434848949553
0.7097643389550532
0.6210706115252738
0.33608582956335786
0.9705135702177994
0.611353401244578
0.20905265026943434
0.5952212997916694
0.11663012208770591
0.4544558406968114
0.7960951044333188
0.5895408867405472
0.024577209190932384
0.37461736784568217
0.14997550355006614
0.051558808509805265
0.15939112940047817
0.4579074188740577
0.6047888035294606
0.9583153006728872
0.17216667991116735
0.3573501216515429
0.2048182694436591
0.007196643374513684
0.7411260206993224
0.7276104094726156
0.7889335948965986
0.8478301335359997
0.42384971138358757
0.8433256316455792
0.3311719061850116
0.06306198209523194
0.7059303072248772
0.3317342279112196
0.47910555211649536
0.059155569311377706
0.5999522396060991
0.012456840292116056
0.006417913456540337
0.5219847510742089
0.6651414650616686
0.30855089845281053
0.7917360277215086
0.1474808657024502
0.15680665287995058
0.8399038205632962
0.9058445498576276
0.23506020930376237
0.824468633760757
0.21665702718323182
0.8880212026412503
0.965447094133535
0.7094610042498951
0.2852918088736963
0.2984703703179617
0.8926073179787931
0.6447460720210227
0.4339772986241055
0.5125399164476057
0.9521966659943066
0.2849086724924163
0.8525510681098997
0.7579054414137941
0.7230610165015992
0.3034585435912239
0.8290070252778944
0.5112725079646524
0.5995634219424669
0.09041343558655547
0.06773840010845557
0.15455016961719267
0.6431543766569495
0.6463714172121579
0.1148601114332765
0.19189190538395814
0.17410601842162302
0.7047694520713693
0.36613151704201474
0.11987294597433189
0.5257902465367071
0.7010704043020701
0.1572559527905195
0.4804440867870437
0.047496799234579896
0.13136236245648747
0.40424973181383633
0.6281749474887004
0.07121869211072338
0.893382663604668
0.42944081842351245
0.22893745030133011
0.23293639531134586
0.4194030597867837
0.6377603887662459
0.9127567112137344
0.31864749021490973
0.31424335791127567
0.26840895829381306
0.18864296466619496
0.07670758866041201
0.6501140052009108
0.605565274438365
0.47508069671683084
0.5568868822137325
0.6688420070638763
0.8578027305739281
0.5730210738831976
0.41468644315171965
0.3674154934655024
0.21186765065055127
0.46188119718987697
0.9152334662653884
0.8123493827744714
0.3872423664855309
0.47607664834942764
0.5186494250348105
0.4239326176920183
0.9374227900342781
0.2546808723691548
0.22476337051599496
0.673740317592639
0.8244918949733562
0.20451093479422808
0.42278720299109435
0.34730308675833316
0.9570281615269854
0.43570745772729275
0.6885820075315863
0.4520697885182789
0.01439308721703049
0.5793429854936243
0.8654876633820993
0.970645506696818
0.3963065323834042
0.7254739613171861
0.6578912772303346
0.2790166639356539
0.1360834950499305
0.4963803765996242
0.2350965909272661
0.534969871970067
0.5363657887269917
0.5535511358917125
0.774688594502056
0.5274944821780645
0.9408336304015777
0.47322820783260067
0.25476086520601887
0.14199358015871863
0.722597563405607
0.6670744855413434
0.8231277956349248
0.49372542997637725
0.3441642132166386
0.5081769364950215
0.6273608014629318
0.4410490704523133
0.3420322537474142
0.3878611857339848
0.2678258190403392
0.7222553110109434
0.3511177293827545
0.686215392367431
0.6919280362303943
0.4856194493851079
0.005900253682430522
0.18235086162057862
0.11869169218160885
0.7651029556718311
0.8008242854641175
0.732971949229763
0.8482483957860765
0.12017610884238882
0.7812399776664047
0.4376285091132932
0.3944418643917891
0.3092326095044531
0.022611563431413597
0.2571965099741722
0.8428198094621212
0.2716524903902604
0.9762542277643773
0.2911391069962277
0.8884416468626319
0.9218407760894294
0.7984776004961002
0.15533205810368256
0.26308338459090314
0.7721950461046431
0.5323466545288458
0.29477974433752213
0.23962652276821172
0.47233253621998095
0.04561317999564752
0.5696979171668393
0.5500906864944078
0.1506460951075173
0.2053765373331365
0.7257925560324473
0.9018687740345714
0.7738502090630318
0.42570581631293924
0.404563122960628
0.31440092213595067
0.07125994984579982
0.7218791842787486
0.5319776615876424
0.15048010538533213
0.7943533585188556
0.9187335423067748
0.40683846946281726
0.5536516841223809
0.733155016351574
0.6530581008290351
0.20765456892260004
0.9300464156069365
0.13082650751918362
0.41734447074520875
0.8764268008918453
0.9264616720563907
0.2239928200838874
0.2523417832484726
0.4785947894311483
0.6186571166971118
0.20796598295929508
0.7484464460929188
0.29317353536791446
0.48542906377994405
0.9569549000093096
0.49348160855807355
0.3676791318668477
0.25870337295334367
0.7346276760927251
0.9496239368285001
0.5036538763726942
0.3639237618739719
0.8585533139439933
0.8592483043212727
0.5346145794275627
0.3919915359327607
0.23485327694247857
0.5886793685155584
0.24629419159710506
0.4917439696955809
0.5426127669926932
0.7045620039157388
0.29795700273533204
0.0620094205341197
0.057276910742179825
0.0016040974704763066
0.49824121446354297
0.9725237839789556
0.05300235946542671
0.4603676289327613
0.2428410688576088
0.024845809377753554
0.8676933309803186
0.8800516471551194
0.10437101439362294
0.739973552347431
0.9372239219418201
0.9085720827975052
0.31351845488868213
0.6073324101707567
0.7673507723852497
0.5348251623960519
0.33523064950966397
0.3968363511679015
0.8284200163668148
0.06400486414624551
0.30962177470321095
0.20364283691543028
0.8186703281579992
0.4272958089755037
0.4009948339486623
0.7722800742177043
0.59023820124022
0.8154163150714197
0.40354910241888986
0.6793447226268302
0.8540798164788825
0.3487174274586633
0.5195979105652839
0.6977914987688146
0.5337280892464287
0.24584129266245572
0.3323521720460336
0.6637848384909657
0.23313721259107573
0.5764190073418374
0.29540031400615907
0.7675445113542141
0.5082115400657052
0.12588925072626456
0.4717402337351144
0.8413159167979432
0.528145618338812
0.4015998488723516
0.8321730812773471
0.5778826280811985
0.6917446773293587
0.6170746127240769
0.17178116067390034
0.3438361265239878
0.17197440296060748
0.9964831436468701
0.6280523313960658
0.05952710220902704
0.5028854070957444
0.5624773741216811
0.2883222335559251
0.4132268738807937
0.011923213611143634
0.8963108159112873
0.4221023088819023
0.37843532706529015
0.4649642277297223
0.5903072871333015
0.7747833676009198
0.29711001045422164
0.18622503013263456
0.350258952166082
0.8252012364569216
0.0687696150307688
0.38703287004012954
0.7232995294615799
0.5243363316907794
0.6081236712161818
0.9307484960411323
0.338236069865928
0.7327314814827687
0.5748582372139642
0.5312210058703999
0.36279026586802254
0.9099688575161023
0.7065412029663319
0.29312327134418
0.9693877845401355
0.9710579993321043
0.22127696915990505
0.4909159815741347
0.22070824461602134
0.7368027416103453
0.2493090092701151
0.5761035601162531
0.15699280817599853
0.40789248930789623
0.22659316101952345
0.7592601723739466
0.1505913055240105
0.6689230647429348
0.9210664877869961
0.19016969680963425
0.5841998026452077
0.6498918344286444
0.9414137856533238
0.3896789788445217
0.12659919134046727
0.279273593131307
0.11008075422346143
0.9377270775873497
0.9236693648937487
0.5419811278948289
0.6938609641021171
0.3439069247573803
0.6521143917363731
0.9375393600107865
0.4098704655987239
0.39581691240441336
0.4574962018388463
0.5081156150768454
0.04760546798431852
0.7183714337662435
0.00020023187505297934
0.1339606290277339
0.4973540619529797
0.29715243852486456
0.024205483424887275
0.7168095209883667
0.6083697542536161
0.6915671606588273
0.7426173153667353
0.957374364231315
0.7574099659256094
0.4352152151063898
0.301346359170306
0.21917487640090372
0.04636643566378176
0.8891023660951486
0.07927165624938899
0.35752104217668834
0.012848603485679969
0.4017068256873857
0.33282115563124376
0.38910344303930555
0.11801079762710127
0.008693706971999185
0.6435343779350321
0.9888175481212438
0.6265718708252569
0.5608571567115523
0.746147513590329
0.46680203765666844
0.9417732427822372
0.8946145807876044
0.018847847746337305
0.7348352982236903
0.9151693508413313
0.8280873582959839
0.42754691707679804
0.25486697167854877
0.3906309939140378
0.27503084756547075
0.3915243293155334
0.9687596677667933
0.5315680346394362
0.0678018786412931
0.3734781400694737
0.07124136101741968
0.5984903487910455
0.32391991231848216
0.43749501826155024
0.46598187709351374
0.07456882986751844
0.03424611707175149
0.11565007193217747
0.2953951971629978
0.012889108157469716
0.37082509189949786
0.9503892852350009
0.9671351395029326
0.7468927535872588
0.8619831911376263
0.6653191709939622
0.42744532065431046
0.3791341913940215
0.8948626317275822
0.006948484735386499
0.771433070068166
0.9651609114633635
0.19319682111810613
0.20039096164473388
0.6042362134941598
0.514473055978797
0.19827213669988478
0.13929323120998804
0.7920105774334816
0.23833537947959646
0.6956110951809358
0.6939436913227138
0.142160137436922
0.32429058800741717
0.3701554385231444
0.2725417655081377
0.5608737495878848
0.619970085853649
0.012528620276954968
0.5874898816797836
0.8461773451457432
0.13402247206613677
0.7141755170332664
0.8888874212796073
0.32971208791174605
0.8377952398148482
0.7877396030140001
0.5630059231127057
0.7792154738673095
0.2908454240960023
0.788766396218751
0.12216879413307094
0.7130262632279997
0.6232009886632384
0.26656718837015236
0.0660464966802937
0.039738533151780935
0.30630838010156003
0.6421658598419202
0.5156816640652204
0.40180528055580444
0.05990418115978035
0.24735153362455875
0.43991366347423694
0.7493908788238238
0.037464620492990555
0.325206960218956
0.8803747008712015
0.5464232951991155
0.3398958463109761
0.16803812171566762
0.30349800845653635
0.695202074447443
0.9631417208193793
0.3625988796690032