0.9660539558111508
0.15721340150961488
0.9470609931946649
0.3393064378349396
0.546819572870913
0.9796085443464432
0.23903947514633664
0.9164089089810225
0.7457707327067006
0.5571252698458765
0.06110451588063208
0.5787789915103148
0.8585053816462833
0.3499002994447117
0.31771447479934645
0.6478942870850962
0.4879198682845344
0.535009886974312
0.08940985427552749
0.556419976073965
0.2965968064087601
0.872384403127771
0.049880315487255696
0.19388121894133087
0.6366858110964319
0.6989956415719458
0.06215956346616883
0.3738410790602544
0.7353529332393189
0.6811358767796248
0.8033783087818347
0.943082082729641
0.40849037600068283
0.2705978519584875
0.7362573022124639
0.3759427326613793
0.6708724966110414
0.37289390326061767
0.47911096974523026
0.7046441074542695
0.416080582901058
0.7191714290149803
0.4941263335728357
0.3857293578108698
0.13129437497972438
0.06931168349991117
0.9138423964774419
0.062360886617305225
0.448471316180994
0.5817417764878076
0.9061991644081918
0.05484996741036957
0.6552320625554173
0.2636649711429168
0.013265399227016073
0.2987665166070463
0.009993998182549625
0.3246674630799161
0.5517525646324691
0.33864870373910894
0.1090351156538137
0.8032496883210657
0.614071364766014
0.8772231577584283
0.5257230470348179
0.6461409079310613
0.8216438214104206
0.07658382787280003
0.2523199551740206
0.9126183590612991
0.939535018051221
0.07293337869728495
0.7924445886542121
0.7898636065233849
0.13729401037944072
0.2382977431640849
0.6486765335725716
0.5928534748644868
0.7302813627890705
0.8798868962831776
0.5821065433301533
0.07829517071540334
0.16865406156968488
0.33935674919952535
0.6986711985508554
0.5488489793933587
0.4203358972677079
0.04058118443637878
0.9038188595741152
0.7643096075857128
0.2631991422975152
0.42529328422488816
0.7684259281873554
0.8071790543806361
0.03797613290610545
0.8006847307445426
0.1723008853709191
0.4107383416418427
0.5699375412103344
0.7394209972754864
0.46816452690269467
0.9932128487291872
0.16858139608770803
0.6106776715283734
0.6309975966491888
0.9920791927301125
0.40254041199060125
0.6914367301846247
0.7672853549657734
0.9700900637094916
0.5255254677064194
0.9882710706265992
0.5104161101688733
0.5380698876494899
0.7581685162423888
0.6556528266812188
0.6798034576396086
0.4389025727682403
0.8722801568649485
0.6411516050487002
0.6365066081010334
0.49800065647405056
0.07521557897781388
0.6878046346192924
0.8925982228468435
0.6082526227167806
0.3587489056381865
0.6114979299139018
0.6412254122087064
0.7074701841618465
0.5176809318815864
0.1579545728308695
0.903193236325327
0.8547609218266262
0.3951623474090506
0.11911716463145587
0.0838529259836967
0.3560774760854667
0.968226755147229
0.3866492998188946
0.31800093883390723
0.8001837121569993
0.6846962745054473
0.2720383272306368
0.5903378559477168
0.6622921027533828
0.7020558639323373
0.17559127515954087
0.7872472480248971
0.7171962396352997
0.5122080268451293
0.17596898782986217
0.24633397175323288
0.544952416044745
0.23555298160228033
0.3639674489687314
0.1368956138467258
0.307172486252279
0.7134817193966467
0.6203151280261529
0.4412639061856419
0.16652849388171245
0.24001617988778426
0.10692338822289578
0.4255508008410994
0.7294590564076382
0.22507276571380386
0.7524857276020417
0.5672699331809145
0.7875413221499747
0.792511316264411
0.4612787487888172
0.2263035842334185
0.351383243346469
0.25949538418846824
0.9961272410147104
0.8093443783151408
0.41881131646169034
0.5834879225206248
0.3818902735028153
0.18575050143119037
0.32504431538125594
0.21839410532017595
0.8546038284436347
0.4727776335786873
0.4196143093196493
0.18671792225440467
0.3412947567233586
0.633864114369235
0.31800296537410266
0.26029400891091453
0.5403632872563017
0.033356727560130896
0.19610606769528455
0.3863509765122949
0.35313003280358435
0.22514974694241285
0.10418908046373057
0.18030351205281028
0.1962891981699551
0.6414546311076952
0.7971937283882142
0.9210432050233087
0.41908531615496963
0.8474333072974989
0.17522242028974808
0.31593907571790825
0.7478799655269012
0.8197742347564153
0.6583304125066012
0.9431421753745668
0.24978582549430078
0.6233294112097795
0.7510039048767791
0.7263774003856117
0.0667088597663977
0.8742031419692765
0.3194241326797663
0.10446626148319327
0.4816140083677984
0.7251025867408181
0.708210335787153
0.851350793451528
0.08694978901823541
0.42828724482994446
0.22623051005920092
0.6506595143361008
0.05900558330470401
0.8120711779923034
0.41733638108516236
0.840255640319942
0.8474840759060708
0.3597546594864505
0.2890852738801788
0.7331650933486303
0.9357993961253155
0.2433118344000069
0.8526697218027744
0.005402638528165391
0.26585619632439556
0.6449583591496336
0.72549838746872
0.5196003569986113
0.9951048072259391
0.228418086506027
0.5557466531622632
0.44789456506541486
0.4313878018233491
0.7742870749818963
0.6408766487264252
0.9541937099550223
0.8918842231907756
0.25337977472568257
0.7545060624828562
0.16317173346222605
0.08365080235366343
0.931701555452276
0.6455000808929511
0.12054183324116484
0.6997919582181671
0.763818004625383
0.6599886290951867
0.16350284322056785
0.7601620424261659
0.45002215622839453
0.8436293612626324
0.6001512210257602
0.6459053051359976
0.31216450419227426
0.9916754324018987
0.8162131106832927
0.8008984071708428
0.1871886316636827
0.425727938052475
0.7671415291697588
0.848268339393417
0.6385343734959248
0.563225805718372
0.29072092294416185
0.06355195868365643
0.8063307823987225
0.345723813110323
0.6832887291406039
0.6091241831614971
0.09829581571852451
0.4038538473545045
0.5168924716481507
0.3675633024565565
0.8151583644330828
0.22637466923792737
0.18409374390194133
0.5869919811057999
0.7348644575832548
0.5598556552131412
0.6773304021758091
0.10962192419504478
0.3228276096341756
0.07453986084186001
0.07634777737147408
0.35007301143026004
0.5028613469734929
0.47791563740231663
0.8164962931312467
0.8159373456012978
0.2604643513513857
0.3663557594167796
0.9071170228466495
0.5909883250561643
0.6189513790231791
0.7624195854680517
0.006710160127247835
0.9703120508016078
0.10681022683944669
0.9537272909322222
0.718060525748609
0.5208983174478733
0.11423076869143305
0.022207103954437372
0.9867637067298124
0.3358430008819794
0.1326670737946698
0.692909274420405
0.5137274907117123
0.5087261762587795
0.6805701323262935
0.45949650391633334
0.010596064041132353
0.15009474857440605
0.40298000682214197
0.2945068029882722
0.14959238211923906
0.6717021395408589
0.15582011993547606
0.016225576919139163
0.7740949316396245
0.33960808479090515
0.9536170547685876
0.5113871240726774
0.5822716630035117
0.6725121538107479
0.49273509454610404
0.7632726776729132
0.6450255565892552
0.5257700477365527
0.22016949871020206
0.0830137845277014
0.12224242741057116
0.3727559413802237
0.11203893917039591
0.7362277519562843
0.39621181410505557
0.5197567882020037
0.36519294732966984
0.21994298789630032
0.14562658688477365
0.7497143028248492
0.4538805584410292
0.39281077032655587
0.43283674889361246
0.7178776194466022
0.04159465590070394
0.4817443870951732
0.14678682596532902
0.3964836946148862
0.8298610804879235
0.6248614485047472
0.9168692002850694
0.21851176789102103
0.9136736932798675
0.0076925381274102755
0.20843299260942058
0.9158699514674278
0.4372067794375319
0.928754771488083
0.3741586837918185
0.8079267693982153
0.8654825211339617
0.8012269928885805
0.7457989663653363
0.5133646851911369
0.823443216710078
0.47111051230393275
0.6804138615525069
0.3133427685489197
0.6505429166691684
0.8194941285612563
0.4073575917761524
0.990811634273244
0.6551425180748057
0.696501904283153
0.28548046721018216
0.29617987843772403
0.47669623788887067
0.6835501887023666
0.8083690398287484
0.20303530663967112
0.6319743463750184
0.23414987860287287
0.7332925289224357
0.2677280075041513
0.08715810881616175
0.3260759824316018
0.35436336658830986
0.5675473077181936
0.6144560960978517
0.7036154515343833
0.2068925001475035
0.4959210832008307
0.274808960680928
0.832099580595713
0.23346440825777023
0.5223283255448604
0.8716468408314427
0.14798641714795413
0.677046716951264
0.20990947634052945
0.646536392262433
0.07521305249153522
0.9111980223337959
0.32060098198808396
0.9176545408234608
0.23105907411066268
0.4707199792511186
0.7446915373431905
0.6836410688950101
0.35855804693691246
0.6838800433283443
0.5728083151757595
0.7402259675736749
0.16581498496055547
0.6396183302197531
0.4996608318118944
0.4511073363011082
0.6644993197976329
0.4855647295485915
0.5944947879983563
0.1651580948450194
0.2752798754357851
0.7532326544345295
0.3128913049390855
0.6531186945431476
0.6870732223547487
0.7971482228005502
0.5007062790724022
0.7223187521191204
0.811719780323084
0.6058794936571273
0.4146382471701383
0.1249235817129815
0.0009412545817757117
0.2732485130069595
0.9993265275348799
0.34636401304816794
0.7239075806602588
0.3099229429266377
0.9329545763131487
0.22315393574034184
0.14450879900207445
0.3876592601919335
0.3478742910101518
0.09604651901577986
0.403341792556792
0.9976881806584391
0.3381474749589179
0.4284830035395412
0.31493673101754194
0.5392090007035136
0.3783967392323646
0.16408211386529664
0.4404687167286919
0.6157436972596371
0.9662900615520532
0.6482562959168642
0.44301107631035386
0.3545428578269201
0.10204709448534842
0.4002099992632205
0.34294928164098337
0.2211883102025575
0.26186766516930055
0.7198698934660883
0.23137791702832555
0.5676994712278187
0.7661749894727186
0.41577558543362386
0.30012124621811415
0.22029579676572644
0.020129713165366613
0.09453383476099905
0.25478732484327216
0.07001986818749557
0.26954877342796263
0.21128008857988484
0.9961843616282078
0.10781475165199837
0.5727061037462226
0.2844619550862612
0.4791027919288703
0.6770402861350042
0.7424049875994214
0.2953036998957407
0.9375097438673173
0.5206429577497156
0.36664839165464674
0.925112869722573
0.5240577328367736
0.04933936692297454
0.3073384271715212
0.6858261149990219
0.5481341190249153
0.07887912427715249
0.6121678414787561
0.8477756838468057
0.8003959872331065
0.8059085793034854
0.7343948799119615
0.35560870626005764
0.8119408557856551
0.9298362940489532
0.36391744016720506
0.4661883120940213
0.5607196953081232
0.8256630898124581
0.7563028494910492
0.5029152562181954
0.5124087230159903
0.8011094140137995
0.3871420016775415
0.7336963432410568
0.6041195420362916
0.9254675809978997
0.5032083987810604
0.9016400158395492
0.8165434549960835
0.47945758475164685
0.5917050225687375
0.40783591038512695
0.5484172569958851
0.9415574523174359
0.2640164452564193
0.17499022545197743
0.6887499170502537
0.6813947367905143
0.4227702837741736
0.5687105669982473
0.8366316753206111
0.7407694988340521
0.6148322982461589
0.5912779391824369
0.9277889568029506
0.6105565645242853
0.4416213562313918
0.16080941545712088
0.618525585775922
0.3615683629943212
0.6473578273155998
0.34994739360297156
0.49466926213507206
0.979924128151471
0.5511827652777261
0.7548403312367071
0.7535385826138576
0.003922832919316689
0.14214791261772008
0.7113077997032446
0.6973608199074769
0.05896196028617156
0.571416728490312
0.43638424570971635
0.8169374080689468
0.5180454576490101
0.7139166709623812
0.8776832214151731
0.6135270090759164
0.5526877548714548
0.1660872244651761
0.7290076254475933
0.03787827376118827
0.911871762979533
0.28353252307406535
0.7199014072538688
0.8704650722690892
0.6808002597191862
0.953255572845068
0.563448507586738
0.2803290910687103
0.7960523959127517
0.669561978748033
0.33431379567566966
0.6534175808844048
0.1755727397387496
0.6851439654302159
0.19690873816697738
0.34061116902693706
0.6413244098339208
0.7890134327435316
0.5706630828112281
0.2764847065678967
0.5617809562032563
0.6676475195189014
0.699933414378148
0.28373062731181303
0.2502012178239165
0.7080191287130716
0.635838229961994
0.8245416199355858
0.993688344779392
0.6277622259198132
0.7678254555832186
0.688921748659854
0.393412666481764
0.3678087719273021
0.47591958374885457
0.4632848254670455
0.7264940380199703
0.7600007559832116
0.4862373994872365
0.5222495501752786
0.6613381762786228
0.1968265443277671
0.2906015915306599
0.611496063225576
0.5009325461842085
0.7348796929218768
0.1423639207149441
0.5639475364514043
0.9592973703814677
0.2616274454520131
0.884091255255043
0.025324765271275477
0.7008581647907648
0.93767876372338
0.10112233545219647
0.1367476514195254
0.591391957078247
0.39019678867563273
0.4752063248537345
0.5431213113170956
0.1592184296036836
0.6909550260438917
0.6622837139035571
0.25475155284095574
0.3866432575561513
0.9063239952607463
0.33530862022729785
0.08681186325079189
0.029010160882029287
0.6001193418225393
0.6261690713467978
0.37046648750488403
0.4063214704387402
0.41938611594435987
0.9633733239347569
0.4463430365396423
0.49364821228200134
0.7529040062176653
0.005263367070096594
0.4348007987692947
0.4062830370948712
0.8658727056260798
0.5437823531575996
0.5586450727554007
0.9234002428928527
0.5335799143429202
0.23637181372384672
0.686353385757407
0.11355818492775678
0.718838911526169
0.2586760183000205
0.8375351508630455
0.7315311381904577
0.5145740214819171
0.19093936496203626
0.45907429479004175
0.07482416163027877
0.5323492386316432
0.08487653446206968
0.13307700595604716
0.0032763807145940464
0.5814639771937301
0.5771954478380849
0.45441272160921364
0.21916538575180242
0.12494756911159362
0.3011200359908406
0.7810835305629718
0.3017203648431203
0.6962766122875114
0.03312656915873968
0.044969977876186444
0.05093395748649266
0.41580116442141213
0.3021018599340157
0.5565668374250449
0.6086161652413984
0.3442356070506985
0.2627278295369082
0.8973835534430388
0.8097933799408338
0.14912766308070838
0.23864486403387394
0.06533069865749819
0.39661814138315343
0.2703409455616229
0.15619165544542032
0.2903978771919487
0.2699333695624945
0.6031425280336046
0.706096799499228
0.8654325095215415
0.2873558074710662
0.07077516415009892
0.28137279232209916
0.5691436172708955
0.3218323462953833
0.11544496055729016
0.06287014170654508
0.271265680668857
0.21330004046266618
0.4772707737643246
0.7774827129841779
0.9374306948153063
0.33348715058304906
0.6402266732801758
0.7442407745249168
0.29465006889736983
0.5583364711572246
0.9965443287657719
0.5849379305437119
0.7769148988018085
0.6459512462951902
0.10991429324390291
0.6180354010119646
0.1061193032003893
0.35723381473733007
0.46674613706143964
0.5904142944263394
0.46299051359638643
0.104082845253999
0.46442233362807245
0.6756518238436328
0.23532739709092537
0.45043121135566117
0.825799821399211
0.9432462975571438
0.26715280490720583
0.9473640349037726
0.8878351711236518
0.7024610539966463
0.4420056296896252
0.538365983523725
0.539479480895974
0.40321281138133336
0.02660607667549961
0.015010667491342947
0.5072185984738803
0.9507514858292789
0.8410427451273808
0.4095498041704428
0.3432304610262711
0.7356518021411452
0.5760942976619989
0.8568423208163033
0.8674863424909139
0.6080952203438021
0.9143542936045702
0.42533102558051417
0.8628099812608994
0.5503205671460621
0.6486658729917009
0.786725990805789
0.7363460721495778
0.1116414113405284
0.48330031354297154
0.25106768060905155
0.6609963327744318
0.269680044073101
0.05866487410572221
0.09229982766870092
0.8658685283312593
0.6645328673826048
0.06787995134791884
0.7737327102777243
0.5274136990357958
0.8347692616370964
0.07612346799307594
0.266950429773548
0.20489143708165866
0.014462331759157105
0.0070776270412119665
0.9452850981817494
0.703637479307413
0.5592875287469726
0.5814147090780573
0.8959105942791771
0.3371393320407297
0.06821322506790893
0.555944729011799
0.641487765232345
0.6477349005296116
0.5403122742325244
0.9536643041163031
0.004437483642394253
0.5147725035402806
0.6917887236713217
0.4211500389091268
0.15956061075938055
0.7977067579179673
0.9772812809304706
0.3317652831101255
0.27591930828484135
0.142145894095247
0.025953515251530928
0.446217632896301
0.4253095048643722
0.38020228283009766
0.37753859149450436
0.8423974377037
0.3260141452569944
0.6215491178607787
0.8861065652016822
0.47454154941638294
0.052301846105618346
0.2045097642117739
0.10778873087743761
0.03691358376329454
0.5981211353082232
0.4509995771497109
0.75324604217524
0.18516682194818346
0.6362562441523693
0.8612861017932695
0.6664013749469057
0.3158494937910023
0.4377850492662553
0.5589837886563092
0.18347765568964167
0.8275317361586081
0.6697053105580301
0.8129384124363003
0.21221300428711776
0.2771476543427866
0.7387356054602131
0.7004087533467159
0.48896469302016055
0.6833685843089343
0.38903812515781594
0.6495968104394202
0.8624098195257174
0.5051577662849226
0.7766303354011337
0.027572037094880927
0.15051061378941455
0.6870119144552116
0.8703877697539545
0.295235109001305
0.5264571756517952
0.3227201574651235
0.3922384323352961
0.4441599584343402
0.44933105240050514
0.2938800331683814
0.5638799829888177
0.26740512562542307
0.8099775415479871
0.9680718343254305
0.6587943982952388
0.9558376102642705
0.4837710943410648
0.5467065359578913
0.7059110520773698
0.9084340318685623
0.32831961912597973
0.25669723909502107
0.9261458990965685
0.33410565687675287
0.2657877261357162
0.7178811896309917
0.08292621547229048
0.8071564643874498
0.23625859443333663
0.39551184836159364
0.3603948313085514
0.8540849569875785
0.1328293433467031
0.10992793746346131
0.5967725315579798
0.6014856621778188
0.5107558971137052
0.28309107452229665
0.17525307015714062
0.4072233314560343
0.16620567015143387
0.7447441621083353
0.04333426295863569
0.14714497144548075
0.6598393229000563
0.4801888475811472
0.7339621554485383
0.12645620962308649
0.24489431837422948
0.415669522585075
0.17903864648768542
0.7490877029130726
0.616113188593788
0.14060377542155253
0.4577207942792218
0.4267510956017991
0.745392918343698
0.8156133063310704
0.7755807902692393
0.6926083182333425
0.09817969575554103
0.8441878458875383
0.9432102528376217
0.8771772401476511
0.14314141118795848
0.8884015445847802
0.9281454474259551
0.024041334439897952
0.781962833516044
0.6340936959340233
0.25589028759154514
0.20853552418630092
0.6600489879242548
0.08259931995373929
0.45002490856095106
0.38542186415084434
0.14940303581215592
0.0746911041071726
0.7823029695880294
0.29195820189880023
0.7065535076403723
0.4439846660307526
0.8663240825814047
0.4423123460721223
0.7840557054404647
0.0487632615270092
0.22036292751659184
0.7089280564347132
0.3868240258005611
0.11598128533233495
0.3849775929535368
0.35134027958541175
0.06820761479447171
0.25171627956461573
0.07328074460412409
0.5233542127765257
0.710077476308037
0.23095514514829582
0.4550155683677672
0.18545573487622202
0.5779193635170464
0.2716124140146694
0.47347012667837574
0.24139031454298995
0.23167769690634377
0.10761466783162439
0.2785552511896739
0.4055391548997004
0.6714730360173377
0.28791890329199404
0.5828564473653289
0.21171681163633935
0.12884515939421895
0.515594281232392
0.35603373868855187
0.28111037674916506
0.24598951155724244
0.41200561374208117
0.8791163599702879
0.5412671360136732
0.5759200325604112
0.9379019723426718
0.8924531996193293
0.3206054275947938
0.3842135918967246
0.8026180725407597
0.6387160113437923
0.6608885832594501
0.9681905012449475
0.13805942199806362
0.4558812424342936
0.7806621686255224
0.6200648246881131
0.43851862827745275
0.7090877809268757
0.8537451671403955
0.6450569623542319
0.9408660195769977
0.9258744672248015
0.37639210874887025
0.6831155049646248
0.8556580515905056
0.3335157619131586
0.7077743661653197
0.2203945684979362
0.516103981028128
0.790193627557425
0.3068711806139419