0.3623790338871084
0.9444038114044797
0.6070355357113842
0.5192849017600331
0.6712518579157998
0.4131196737372633
0.520841078478708
0.4953661380072335
0.22565821874343125
0.8279705838104091
0.753281280165244
0.5536915149453352
0.024585634633049865
0.03966768314877222
0.6508589842815443
0.8344866556831924
0.27193628803254116
0.7018824929505227
0.29705131272745583
0.6963260963077353
0.4499251100460487
0.1301995283029555
0.2706098877836873
0.46327151572924397
0.2727072347600462
0.8345965796448509
0.6282878074979807
0.7477505933254152
0.2822640464226122
0.7922440154998728
0.9502462561696039
0.5267589715970822
0.06929246587897502
0.7713744207062991
0.11070635846420582
0.15085481685946886
0.5191845173701239
0.5421887024726902
0.2669006834869816
0.7307376969593624
0.35813828774291917
0.789527910056338
0.5224647133696141
0.9804336814398231
0.6863941197578468
0.5379421957287543
0.7205200504037974
0.5113967056467967
0.7055338231235576
0.048996122015565
0.3354244010445448
0.278754981429607
0.5131871646190054
0.4734240286839475
0.5834328145317297
0.36389735648054
0.7737763341802812
0.6904194474847413
0.002904420084875564
0.3639159997653155
0.29398981122179574
0.08529929875641835
0.584019149642002
0.13161501308348558
0.4940057119637204
0.6590808316825132
0.49800000582797804
0.5798294510739905
0.9767452227711976
0.3894466838440997
0.789991438963328
0.26585401601092046
0.8030888229085194
0.14816258304694016
0.5079442837780483
0.4523518305863657
0.5182616806179324
0.06028854625869311
0.6317935783728212
0.20494297217207916
0.3059155499333764
0.5665821011090822
0.05103839234358627
0.9925676359313051
0.4437614222968538
0.7614287434727184
0.13556566809905735
0.6527008334180056
0.35643463643673884
0.64081240441309
0.2975856345116973
0.4580152528725371
0.6424161218806997
0.936834310990514
0.5915301481765801
0.5418429133937392
0.4541832977847345
0.3723187323835836
0.3286605788732074
0.04681450490363652
0.5654405503322728
0.24111588876094817
0.09362891838082886
0.6708301349078323
0.02686479433130062
0.6213169409969551
0.5389657791385795
0.37891363548429713
0.45859074280471884
0.39698610127157935
0.9810526052694293
0.6034080606896791
0.2640506691887625
0.4725875402622071
0.61518256651103
0.8109414281913491
0.38149112974314886
0.4657734725413838
0.16277294973140047
0.2546203646553479
0.02365878716158497
0.9807244411517603
0.7667424742023041
0.400245581022658
0.5041363454541932
0.638725502270292
0.6301051567360029
0.18245514854614076
0.4647695993430434
0.7129213017501743
0.4410175984973421
0.18940392679673967
0.11374258198555423
0.2137753574126499
0.763677088292869
0.3281763884516834
0.18388269635660648
0.7563483698372403
0.7674363906518
0.4979095792667929
0.5659623273325013
0.5400176122349319
0.33394749012559183
0.68998916080806
0.03574242182135875
0.15474575707455654
0.6446029738311593
0.411147963433368
0.7324438161813279
0.7129340440889537
0.8377102736510009
0.5462704520721973
0.5126781632402497
0.9024946446881704
0.752857214156809
0.799345463673845
0.1302284069176544
0.5405395117138837
0.31956148072282875
0.6820326852481673
0.6858816792817388
0.47006535783509285
0.7602501557285251
0.8164538258444121
0.47446687014164574
0.5238253185297678
0.2744310696738148
0.3553740863322431
0.23283189012033273
0.5204771896652617
0.08861640707634778
0.294073755263041
0.29347986647005697
0.733146239685229
0.24599508425286765
0.674111169187663
0.2657379750061342
0.8345078842592399
0.6659176641522595
0.5303502834355356
0.7691137091190461
0.5720782994909249
0.5820401050051125
0.14518320651328182
0.8286164496233328
0.41414537234856613
0.35581629328042785
0.8036644623401465
0.4491579104596416
0.7626599178352501
0.5223726572512167
0.8480899748118093
0.8144366077643204
0.5459673022590268
0.9469513365014708
0.11622204339404102
0.7151355178626136
0.4063479060678846
0.5737432770068472
0.6195125162968741
0.49540306796128536
0.2500216579174663
0.6010633378070771
0.5521007103137633
0.9000232679168438
0.4062842534563533
0.24394225363092875
0.567940370010455
0.6956189987922347
0.6934495607334112
0.8681678430511593
0.7726315385490428
0.6917957698819203
0.5399415016252483
0.6821237996945679
0.8610291371902619
0.41084832953070366
0.10464839420345656
0.49952648174799663
0.42282439857841486
0.6876564169957766
0.1500460353868286
0.28884372862732893
0.37244124391801064
0.23676200375389256
0.43472130474509607
0.12771025731205335
0.321621087406628
0.6990526457986143
0.5398139492938211
0.3500789466899342
0.8602856289585804
0.6824088477255441
0.7650392853569967
0.3434173854063118
0.8799096750472422
0.7862677507037554
0.19100892014726945
0.5891509389391527
0.35129788362257186
0.7793333334710696
0.5504211675287234
0.3974524671690331
0.5369742328383179
0.7874193015514864
0.4830536134168477
0.834468919936174
0.4577495083368886
0.22927233934149183
0.4188822651211497
0.5828831354438411
0.8479068170705977
0.2965538932510527
0.6274120393189276
0.7803733214899137
0.5127937693953543
0.48293260565378426
0.41593561596003203
0.9775402066743387
0.30550679872643416
0.21934154298621025
0.6037120706093732
0.7595305431445055
0.6318092336349751
0.05893187991898983
0.5717197333614289
0.7464509528888434
0.5095679522393615
0.7619576431881646
0.34203824225672824
0.2537554720341031
0.5845423426157479
0.6337417565542358
0.9288960581017994
0.7917714167535366
0.4699528974442395
0.36130668452942977
0.19992340651408008
0.03075569235724647
0.27555927965205285
0.43997841123265063
0.8998973359840176
0.0064391842873925825
0.12854635877642995
0.1837968860376431
0.2949537613143179
0.13908465524778849
0.47509685316396094
0.6028611169319459
0.4612026131432437
0.817639532341107
0.500074324798642
0.8307304932028172
0.9477601196475212
0.9704126804527985
0.6835742539217503
0.7122190370704407
0.5988536495765346
0.20235571675778288
0.6315487278760401
0.006632724234442841
0.4587901881483179
0.6021360463098564
0.3854955551771394
0.19993545193768802
0.6326357451556348
0.9547638731186149
0.5912866700261327
0.8630572201546848
0.7908818338652466
0.9020468602836044
0.4197292949911054
0.5661750656230518
0.6369391842906734
0.7568744272621245
0.6383066963768026
0.48872221012107375
0.6197797729484223
0.5093657345198993
0.5723265479224495
0.9355326979569486
0.8687263170905458
0.6235511363659703
0.46607282860658067
0.6018017908064919
0.11719178469393769
0.6545637586990555
0.34688444299406757
0.4135618120928078
0.6150489778005874
0.7806128129821659
0.058844341432215015
0.3749401779812278
0.4220627624347412
0.8038989976787865
0.58594672658855
0.06184418055507182
0.3635628740856066
0.0304440266421228
0.10238435298257427
0.8183097455935038
0.07821877387384263
0.040566398002251286
0.06044309945135881
0.2765013479350218
0.5181749594342123
0.7975112920064451
0.22866576377918274
0.6616927116409288
0.4579435583163742
0.35500127894974576
0.6883532796809998
0.9856306765363253
0.5402642359895083
0.6973119546648737
0.8345313264030338
0.6746776815110738
0.7223034509230826
0.7056493347437424
0.002094441851356443
0.4456366159428214
0.6389944715714383
0.08706184187453365
0.7857620511068584
0.6309392852188017
0.43672185483157056
0.45394606262295895
0.06329338695686187
0.15343064987645735
0.1607946531787979
0.1467459653341804
0.2674537520117589
0.14362754833223004
0.46774472682793805
0.6059498665547511
0.4690817238903637
0.20448325607864168
0.6637180106997367
0.8408078589647557
0.4803487838949959
0.6984954981789234
0.3966792084041461
0.1316955340426096
0.3634020705955402
0.9084836322621127
0.6223779911872832
0.07728802824320362
0.655924167361424
0.4465779596268195
0.9649869254253719
0.36652394602018606
0.9818221034861773
0.937828913654941
0.9175300728432305
0.6274820911004149
0.1820935608587952
0.43736944005631007
0.39938081712064505
0.6175707036526371
0.6480467193845841
0.3822501609189107
0.5587508789394449
0.4864672163168945
0.6647533310600002
0.5224068326089645
0.08782249558644846
0.7908789755157599
0.19012932450043632
0.1558009341051203
0.7213238913844637
0.7100214916770338
0.1663252724353208
0.07001244054086372
0.5868738825568487
0.010885270162594477
0.12670587963486837
0.5437691876243766
0.6033719078106655
0.6163084165476042
0.22067021963755926
0.6432014024733461
0.33516403220090696
0.6286431284670136
0.5284162049085637
0.2182105901514364
0.3727729436771542
0.08251586162950014
0.25318283017323345
0.032771014128686854
0.1483320564528279
0.8254048858273408
0.5985627471670901
0.6038063585087668
0.8044773776097333
0.35491463105830523
0.16954520017313426
0.4208368617982699
0.6028233145614519
0.18101673300503993
0.059880121146641915
0.4182282291029646
0.4379327724930668
0.10808120889315502
0.3491904037000896
0.6048853322826835
0.7200783484164384
0.5967427235767347
0.5756344842354827
0.4902881806446363
0.5502513904902379
0.4709925665398075
0.6345460449993107
0.9092046823678009
0.3299744403571703
0.34493956664016545
0.3547573456846897
0.7675653792249764
0.09152443591210649
0.6972508532118346
0.4917464503835639
0.8103271765651837
0.6069281230424842
0.377236588290486
0.3749344062800126
0.0008674393829543264
0.1920842637594416
0.3231709996359463
0.11454384882153652
0.34744541065902385
0.7864335474321212
0.44824780319569735
0.34430196273572156
0.823490706006045
0.08262436483680283
0.2151385565501788
0.297249461851399
0.7663355139146449
0.6668273284914844
0.3304240886200529
0.41557315138145834
0.9827098972531075
0.1711043934784465
0.7675519053915425
0.19135716856181195
0.2520948150446714
0.876409220611232
0.5641649337759925
0.4215682831613872
0.41894474243690066
0.4655973384699225
0.2778375676183289
0.7762032164096684
0.3380450103706743
0.2420808831663079
0.31056317948624634
0.4134608203683623
0.8491937000160018
0.49442326628150046
0.3305792704892001
0.04876903565825077
0.9866552062080934
0.6076600194830044
0.029493605506110947
0.3649019491966883
0.1304828530491607
0.7085828065187009
0.541119111873382
0.8847786481707263
0.3821345554424004
0.5519146345524792
0.7254189621463345
0.5827224765709134
0.29113719354721607
0.6730939265323889
0.4211412983111857
0.8039486815812258
0.6082915025581781
0.32776570811463923
0.507004966251597
0.9991175662045878
0.08843627210979416
0.6288479981820142
0.9702293883360064
0.3425860360214242
0.804136827691717
0.3881548798379727
0.04274579711989129
0.1294575083774123
0.7151838672517983
0.3289881018131135
0.5019386285174887
0.7317089291180078
0.6392949111148162
0.3662421691067457
0.44063674271339665
0.5009445836314158
0.13994313438319556
0.37466111378062705
0.6683945032761714
0.2294628092819373
0.581321178073089
0.5650467376401351
0.9012336830586831
0.7066659079137736
0.9242618770306653
0.7915973945615172
0.8503661340899001
0.13671975372108044
0.6569724010506444
0.0814735486572279
0.8079650564563784
0.7596039337350783
0.5582500201951741
0.2059589584571032
0.6833765589575167
0.9924577619348147
0.5323879812210479
0.28282152721544424
0.27111942599627686
0.2003337789731084
0.33583611017500875
0.6860681552830696
0.8647132920889218
0.2407375761791656
0.9871180413285098
0.46524235262872093
0.1538467284657164
0.26521532856149704
0.1810898331064148
0.45123850034148577
0.4776901497174261
0.8746588606581973
0.0032010463613530416
0.8607363446187304
0.5132175359545934
0.4482517803797849
0.8267026021471325
0.2286755168435263
0.7142753189702702
0.3276686215405703
0.7389528356872768
0.5193838578539629
0.8026797039757375
0.7063006352577024
0.4831964134044347
0.6810249470414306
0.5173034741225152
0.33646253130732295
0.5248234499174408
0.4489955691342536
0.8068637923208385
0.5368182016723547
0.33392907385982107
0.18039865241524064
0.9491175727003167
0.33997433280470546
0.7500997985446459
0.7862333095824551
0.5280932217093123
0.5986522087993874
0.46108346514043974
0.6997018718889766
0.8069608063202552
0.7917362817150595
0.9222604682237961
0.10268242710713109
0.7142564455794311
0.16101716901689753
0.28552292209168073
0.7199733060994461
0.17289872948285556
0.3716479860088307
0.17460583458959064
0.4558648781983378
0.7021132355409727
0.05825919625581017
0.8611987763941027
0.8628659222611136
0.8519742739552356
0.9191675387627157
0.3967444139484821
0.41937104890043647
0.2544861063733605
0.5758746525876243
0.29854255256127477
0.5951335976419325
0.4033972253002494
0.46966989245069635
0.1969801002054779
0.635632200185954
0.4859014741061034
0.4494608021609586
0.3926041107623534
0.3657084330843183
0.10954349806722569
0.4399636370079212
0.9107006916573276
0.4451639919169471
0.4474267644165295
0.3244921253264701
0.6168194505512352
0.46440178724211967
0.09797569444599556
0.5974076004908553
0.8242502747094279
0.6456003350217929
0.25186188273969395
0.36109742657186017
0.3056222317004933
0.7528883150502096
0.5661983239821969
0.0722070107527682
0.25035121028198304
0.8872764636891087
0.12875552753346844
0.8059844591272424
0.3846093350660676
0.3832707897210969
0.13270228393625155
0.4215173495259517
0.9301413422548065
0.08792464175367543
0.364506275726237
0.44086678038491867
0.7459417779427974
0.5849880996557293
0.3560198127666343
0.47609533005806126
0.1158990068333353
0.08026994683724546
0.5074114346045852
0.5564854460062575
0.9451646541470696
0.9170885244624997
0.7465636973356807
0.4471045691206189
0.4884617794190925
0.34616714381137026
0.005871181248320955
0.07672412027076313
0.31272573252566765
0.23941463891867085
0.8062576566516716
0.8785591110364324
0.6586972247145843
0.264882587771183
0.29093611157256316
0.9874047635775248
0.844568600359866
0.7754457051608951
0.7505384868801062
0.7404372952595804
0.38252865815686515
0.7296072544701514
0.6570752554722146
0.100465604418253
0.7080125918958058
0.0786003113969359
0.6490251426713896
0.2504922496012642
0.44819417328606176
0.41060253592026486
0.8776576237608439
0.8813902010823521
0.9582168647675338
0.18971943667366234
0.8275998676776649
0.7580266016107255
0.45002024381444866
0.17490720802016121
0.19274607242044195
0.8184828709480716
0.33120312284912434
0.5837846853819247
0.764293888519799
0.3533628952340062
0.3457106543810799
0.48116751701836546
0.16233990370092388
0.5932994972040078
0.32518757647533636
0.6620651442762444
0.8536716110203166
0.11307441913913667
0.12388551771818127
0.3034859202931346
0.07705470081924608
0.41516552598386147
0.936127574103344
0.7299489977749485
0.5061162162711276
0.6761658514912097
0.5144285274303907
0.5628478365123162
0.5637298333976188
0.6132886231945002
0.27083594033498865
0.6011026455614127
0.22110541436798
0.46752877417264715
0.8154244961127414
0.17261245543924927
0.9739286764096503
0.5881102433741026
0.7931595503289163
0.43604871326004213
0.5258401504117853
0.9663090332393476
0.5718376713995258
0.7613539750345769
0.27246560562258687
0.42167952496769967
0.1838154303308012
0.8334384377951034
0.7467593421655837
0.9065355900809716
0.49307729080298257
0.49779254017664076
0.011114087490731459
0.691907029274959
0.44027633650206194
0.6213675415376037
0.7537074701424696
0.5317949787652875
0.543020289081176
0.8614904057316318
0.7212340923838515
0.8156848882772372
0.5155791956915726
0.4568646085463291
0.9331555892191459
0.7195271928110752
0.9168512631448351
0.05153329590302795
0.3481206142142153
0.8461906459587206
0.8197673106804447
0.8871754217768602
0.285031344686072
0.7934042794391492
0.4644736711795222
0.13700213886399668
0.7720242754768865
0.7568343266073304
0.10861635867952359
0.6154162856728578
0.7498653833740452
0.9321132090230451
0.5560429960929705
0.8163284307145375
0.6288494236611425
0.46266673848160705
0.7451817024379797
0.5515164781410663
0.36683304315201976
0.7931368106663084
0.49801030749440406
0.9289859594548231
0.9809600343641537
0.5499291842703756
0.769681722329351
0.35602977449349416
0.22040803906951717
0.5909638054434174
0.289712794076402
0.8547539089459775
0.4752706156622633
0.4452281637924619
0.26897406531116347
0.8513430464218016
0.3284815892250337
0.23447681011995805
0.25327173848757084
0.34260994758014035
0.8057035369736103
0.6383184570573073
0.9494637153507922
0.6378214182753782
0.34595170975805395
0.8392904855602606
0.09275461234887386
0.8010392636755214
0.5525357393564989
0.5706408335274236
0.3353127934086517
0.5888640391875151
0.9081591878722691
0.9054245007041766
0.8020942146220487
0.05758583265459582
0.15832872833904912
0.2658225005574026
0.21795592411778708
0.47440490168757615
0.005532647233941885
0.20413895259443474
0.06037896300193826
0.4547078748570255
0.6778970031053086
0.250580344239591
0.8495189631113809
0.5800710610898152
0.21147511008503325
0.26130615348682407
0.5642348718493259
0.1865083876930667
0.853823411449428
0.17813620792121695
0.5413853509234677
0.49964855322180296
0.7238367439554738
0.4377579750660347
0.33301501253216736
0.31238056159080185
0.3510061734717665
0.529434433404534
0.7377812113364854
0.98243110418765
0.11543175899828173
0.18496727074673572
0.6748418861451724
0.7091113164351786
0.9586655449030069
0.774485698919218
0.9307094465412443
0.2808300672848702
0.7161239825281946
0.0539169433292355
0.11289186774144203
0.29750265323709446
0.021027947690046834
0.7561228794167125
0.2288650999155458
0.9460078581031979
0.7472037528750314
0.010929711415361148
0.9541810620336317
0.7478502225846568
0.22558969229405043
0.4002524532327098
0.7826019088804888
0.2603913229521396
0.6070564139428236
0.7369012264186389
0.7552463347878263
0.7970433482129858
0.03644587433590565
0.16744238642595222
0.6045489858357809
0.376187410251935
0.5641511564389394
0.33310730056384075
0.15810194833085464
0.7314113332135705
0.7499919698616444
0.19883335941003982
0.9010066294595248
0.5184786885652604
0.940907645497707
0.6883214216213375
0.4960005372784949
0.35576657896457264
0.6173980545702518
0.01679381170405119
0.5124450251099573
0.2399810547128403
0.3888892636679546
0.3875008395774225
0.542126654317593
0.6217209456415058
0.3321348636989833
0.0033293228276340503
0.9757304087834645
0.43245439911212824
0.2467363477262739
0.05654740394411532
0.3311365415361464
0.8877237575762263
0.21864064190526125
0.5166123863289932
0.09092636976669104
0.014029978382019505
0.08569919760439883
0.9272916449796081
0.4900161863004055
0.1797571529076045
0.45880921785774925
0.5670052982170749
0.4416893787643255
0.5439765435928237
0.5044867907945405
0.9095484737083795
0.1102445766599438
0.5705641256535443
0.8272806978896041
0.04410633910464618
0.7977946593598519
0.6126816803726665
0.21123286816333908
0.2138590348559976
0.09520929525089628
0.24951068952465127
0.6877252520653563
0.5651181422447972
0.25547555427391294
0.36421306704133544
0.5563539533254284
0.17705366151384389
0.8377944032417305
0.4316203884320689
0.5935909452937264
0.5912093637550114
0.5548458749044178
0.47342297519941573
0.997828875620284
0.24597836325649935
0.4755394744413076
0.18234717322762628
0.21617306021825247
0.2903760716142333
0.7480949755483494
0.39861641122302316
0.5637161222578151
0.9908286701144146
0.44077410402243705
0.38284827112083464
0.06865511635260442
0.3464042819560877
0.550533398954137
0.4318698324872642
0.44220686300423384
0.21783856586473313
0.5547963569886526
0.36471997304227594
0.5201304581965842
0.20944790550977624
0.7352654696790051
0.31011722626076527
0.1523644910150601
0.5035685473362992
0.75633296253417
0.8249138210216982
0.047059710724207726
0.4635022674023731
0.11828649778862588
0.8434254102194605
0.25427191687806305
0.8748346048465544
0.653593799008718
0.4831880651925918
0.1290990883341765
0.5253709303991112
0.11413259593697941
0.48278730035907647
0.2419769377121347
0.287910460492413
0.08948008386406249
0.3095252668685441
0.7708842081900268
0.29841155927956525