0.5350011605221875
0.6684649840412994
0.8477255045719129
0.9066434532640424
0.853494717677725
0.8193072659268399
0.9993049567469839
0.17964252462080293
0.6199129247047664
0.7442275803484745
0.9502443665002652
0.8679857321751331
0.7047297418589792
0.25382143550059577
0.034116113396219644
0.30347393930038785
0.23659109368473108
0.6800731077382473
0.4449740123539186
0.9976662524797626
0.4347055106215357
0.8472947549946784
0.5122438647165839
0.8526560393787205
0.015210481951636403
0.8883858891585183
0.7026901275941357
0.7242942912855287
0.13615244781266853
0.6305060107362629
0.37682838525380735
0.6496273811797338
0.6638995900849063
0.9264550253682903
0.6128644600319153
0.259040605680433
0.952643613065583
0.7381627623371354
0.18088946332568206
0.9821153282063795
0.5476472990260776
0.9977590736531082
0.7577086545624719
0.8028017424083334
0.18119385376374325
0.9647736263771151
0.3808684081334002
0.877804538203436
0.9427389289594876
0.23789546036185266
0.23889343273865368
0.21601879368864724
0.9147599008328621
0.8614087553124147
0.19026076662147684
0.8463384067072398
0.6616958931912383
0.9035279649356001
0.30649320838054833
0.8210046743655587
0.9198424310866284
0.5051221443844133
0.965263968471684
0.6623505937198835
0.901500331232985
0.9847743658110046
0.12041954870399507
0.8373206370911147
0.7726978319784154
0.752504508466095
0.7386808118266412
0.773331499969692
0.7497254514657762
0.9171839796829488
0.6969380863603222
0.9321115292887369
0.925387653385108
0.3725745753909008
0.17969697400000803
0.5115188242546395
0.9738279759463795
0.9810263176072513
0.6994588373448981
0.530954991121957
0.9430200404842299
0.9529289011239639
0.9901474685441785
0.33508754039726646
0.38280137926663305
0.7934882123763092
0.972498335131794
0.993268382338751
0.9061914747550821
0.4147160670137575
0.8697069826668633
0.9568195430476542
0.2438337509382499
0.9734195203246412
0.9621101315194569
0.3514058605252134
0.8618483376595344
0.6243089830279177
0.3492632089495397
0.9951335267634039
0.6812336186934426
0.9704698673753295
0.3332854094840509
0.88637900315676
0.9817306308646969
0.5226270109392158
0.17448302510447267
0.2569784732560082
0.1275642895914481
0.9809311795547375
0.8932415470936224
0.5027779306584231
0.9609998762954385
0.9057057594580287
0.6580091722808846
0.9077550627406032
0.24116924211722018
0.05811098677606219
0.6079383095725939
0.26793381443087033
0.187917561074377
0.21368264543216042
0.9824412807604638
0.8002051502307588
0.8614863162470757
0.11010368980235088
0.9741997087583488
0.8700556106885883
0.1835780876515225
0.6495801690075282
0.9367068765082848
0.1660283553337019
0.1344793116512055
0.9531934985172973
0.7155819328664982
0.964236140923568
0.05130096486339078
0.9722160638166711
0.9520279294206204
0.9442988662559907
0.3134270766505107
0.8084534597413401
0.007680970918702164
0.31348957490351786
0.18771150763363242
0.9263092578840707
0.0812273301056518
0.03408878259315051
0.923248617564209
0.06768072225371453
0.9546233336572986
0.8565322322069099
0.28949573283360275
0.9772932020983868
0.5002696535796319
0.9311464549772839
0.9877778880550445
0.4377541607481797
0.4971564358928465
0.4200343005395531
0.9891556066393073
0.9875445830966687
0.7694807905940394
0.4993248279886804
0.7369531358814317
0.9344816224175523
0.10795556728382029
0.8785960137229
0.6677904255645233
0.7532288066152824
0.028223103295801587
0.8328535942029396
0.7193702882284837
0.5656788640173321
0.9496026554926125
0.8834788739892514
0.38594140042745567
0.9819553724043524
0.4570426657263427
0.5441995048773116
0.5263372819248395
0.7372000372930863
0.7109626460254147
0.9912430419680063
0.9864414010734668
0.0350412585633558
0.9195537971011006
0.3545636118125881
0.7583614980355545
0.7828426986887533
0.4819254060821541
0.06798258972683696
0.9747146532297177
0.5213505750492443
0.957382080344101
0.2845012286849273
0.8862784068128405
0.3135132964280721
0.9952185810877042
0.8672144290010646
0.8352877974395496
0.8585229160133294
0.6061436174329203
0.5402040574782587
0.9797648702153591
0.8600369795996395
0.698806170562903
0.39667832788579727
0.9759220833685832
0.9766857531808013
0.9963341645046722
0.4370862966424141
0.5269447491333968
0.43390466944486084
0.9770558700503088
0.9294511690921432
0.20095845123140718
0.9297693874490565
0.9809466548922173
0.9195904418512632
0.027335794056008875
0.2573330365869563
0.525799785837368
0.5687274258359684
0.9193971438450496
0.9602218190441163
0.29875358315118045
0.9831246042587963
0.9935937236838838
0.377377182595982
0.9969029288843478
0.7424299219199942
0.9572903800229644
0.6984707262447015
0.9843285637961406
0.8663548372695702
0.8080200926856401
0.10927422546202376
0.08400010350010412
0.3387877824719014
0.630439941286643
0.9406935109256653
0.800020288932319
0.867925551305134
0.6602402314807433
0.9228985402343153
0.3303724575288493
0.6376306531264558
0.9540421306807371
0.5240153787441019
0.3330307366937456
0.40596628175720695
0.9957726348900104
0.8260569174704386
0.7254757319291374
0.38445008625896837
0.11191199508043495
0.9383665626961736
0.4637659660495644
0.6984300834131202
0.7992560325944965
0.17454036970930673
0.9458311810508262
0.07332443232844517
0.7165863442623475
0.09673099740515385
0.47933761345470477
0.4884985786346418
0.7791912259649707
0.4149032845695455
0.5912768822377306
0.4721078894711398
0.09160317265938477
0.6072216419585853
0.5091431610899154
0.882564694820112
0.9663728839537983
0.2793252758713267
0.6768736043916163
0.275597663644472
0.8214813828875474
0.8742797288087495
0.8729910678469051
0.139605014745115
0.9714161677121984
0.2784249097851332
0.35175710902722596
0.9569504270191521
0.9490379094721223
0.19306083919625547
0.6588081003760585
0.8611496666781787
0.951989883707485
0.7510337218374155
0.812348568711441
0.17098300232202904
0.5594650702387398
0.27343157920530603
0.989446785404998
0.017263406114570008
0.8339983982968597
0.9890961396894787
0.5769649743844263
0.9977811779638232
0.5069247988589513
0.8998460270448134
0.9604646091886305
0.5329391746851049
0.04810577986431525
0.25858348999339037
0.997764595503047
0.9988851502554869
0.9275218021358342
0.3132139504894764
0.29521389495963934
0.4624468095096115
0.2888206267754847
0.8675400353344316
0.9957784650964182
0.9488156585226374
0.7792709697257155
0.7641923148187421
0.17997349634637458
0.9844816879113634
0.9671986635458655
0.2559706997678639
0.2566017270354843
0.3070972581155837
0.9967242003291107
0.9044659628799994
0.9108169783924402
0.9635067895538544
0.3084772502031677
0.8931905906893679
0.6151444696285422
0.6605255739758616
0.9423186727500998
0.9038072462091034
0.9469014308483591
0.8950865596598253
0.9859958782834286
0.9026674152463894
0.21645244443017622
0.3680787797394367
0.361701239306103
0.9720008531596339
0.934648725377189
0.9111057687422577
0.5176770808017527
0.2593535456437668
0.8183050781155532
0.8536159809962499
0.8652292108887953
0.4054653805729308
0.9438730793105218
0.6175729518934826
0.7462989977791593
0.8326400191828787
0.3611177518741107
0.2149388109674893
0.580200151788948
0.9940049123425478
0.9329448929813688
0.6109564656220318
0.6334707104395847
0.17993916411855035
0.7258333793353067
0.560537386066643
0.9407436064255409
0.3921349250408137
0.9982093429325694
0.9913863903683197
0.10658525713719888
0.2761534852674448
0.7921330268939353
0.6152096552034884
0.741278196447694
0.3768135846706325
0.3776722406839465
0.05735393796354068
0.6391184860173952
0.9935412251555168
0.441545267976179
0.39155045761036794
0.9734132067595895
0.5426687307897103
0.6321059893949356
0.9960157683850575
0.6873069555973677
0.1278953591619114
0.7289397557702891
0.4227002734269625
0.7682496283547171
0.6955247414082701
0.9914245227522456
0.3455285877617847
0.8366240925727959
0.9028084619994042
0.8729856140117804
0.9295692163601291
0.9928983415820155
0.4827582682929799
0.39165506194973737
0.10410570368968475
0.46475013608656396
0.5228601914629666
0.8807650580326304
0.015336384357868335
0.20992195253769075
0.9315035864921404
0.5869361895122679
0.20477958259836798
0.955091104012797
0.914492800241764
0.8547393714974669
0.8558083702432923
0.5164248027864586
0.9715187203293039
0.9891320789110741
0.8965472857149154
0.8878052128651294
0.05907673118074705
0.32884590257952984
0.9596235762675028
0.6068528674145063
0.9236427998652645
0.48078614851821566
0.08827306559022441
0.9925225053496203
0.4067241892617477
0.8361594146199361
0.7419499147218543
0.7705498141622859
0.3845864826600152
0.2542523333183553
0.15227387644586932
0.8798049147896742
0.06451639261965046
0.5062705847489757
0.9999222596035579
0.5787865057360888
0.49255590283127537
0.8567226523895923
0.9889606218141741
0.790977695391281
0.5381592395563707
0.7314288768835209
0.9172858753031408
0.9316565513588186
0.9983065994786103
0.6618149237149795
0.9897094377551782
0.9679656272821993
0.6486815740072581
0.9999994463406634
0.8519213935310951
0.9410408194145854
0.9988234064046603
0.6394597482526491
0.12274813959948727
0.12156766243946457
0.42572865752958483
0.9949407445490311
0.8971620921638658
0.8315485271663592
0.23374914685067597
0.8857597216826077
0.25617867887355117
0.29250376257229455
0.6557824787215255
0.9292051610317273
0.7390233660185126
0.9425322784263982
0.6893758285352264
0.8963094484039762
0.9915378833104189
0.7183746735197699
0.5865028174869432
0.909412531548846
0.7077362723840589
0.90032767679385
0.5559725567831298
0.8782075412731152
0.36210506617059435
0.19112702734329856
0.8842254520858072
0.21702834278725502
0.7094064619765238
0.16884954168335148
0.8431145494621981
0.75586741023059
0.13170301297997056
0.8672941058167144
0.6841248673207181
0.9598672409321624
0.7940684932845867
0.2852417518629707
0.6797443345296657
0.854456330353206
0.9804406179296768
0.5154432666350471
0.927298360762315
0.4931598104148133
0.19649042649433274
0.9261027149153309
0.9871308230575976
0.6805820563165256
0.25510426103774686
0.7706266996954412
0.6621335188630609
0.04261922461720525
0.9251028155785577
0.8665289908380592
0.7009128840783927
0.876588627877977
0.6787747869903241
0.7792046447244411
0.9587879982341481
0.40292566722579054
0.10606813304455871
0.7660102871359796
0.7881082911248839
0.6394829088991708
0.2922926678232566
0.6366204269389263
0.14836790586023382
0.26180725467638905
0.9478922849883248
0.8028818734694602
0.8327097545150363
0.7160716618717549
0.9593354348881228
0.9724935431509871
0.9796880292031007
0.2795664059834395
0.5425433308494992
0.8993329007264225
0.8047879169128427
0.256909222381161
0.9564110055210552
0.7527557206552922
0.47660199672511244
0.33432405769261
0.8593242291740475
0.8212044004570782
0.5980931307790085
0.29087529996900735
0.8646971813547442
0.5029597179624222
0.26881542413900444
0.9284428645030758
0.36945016908812767
0.3790607118313232
0.35976841604196885
0.5428852476603986
0.631495667946373
0.9812955314805532
0.15361124234932133
0.3540303837584634
0.8256779418463687
0.621591340489244
0.8595116652210901
0.42734301111427886
0.9401811533836093
0.5322364404379474
0.8221412177338882
0.986512648631959
0.9213046761820486
0.7170345769021589
0.797471151521903
0.8381940712509959
0.28824454531553434
0.7531248171105162
0.24828665580326087
0.7627516217579171
0.9744245918686504
0.9483622766669035
0.7749830345247277
0.12257152356214758
0.968850383591119
0.014365003971364502
0.9131065769696911
0.9612196134720377
0.985700232942166
0.9497951706430176
0.9977024098408813
0.6775509553345233
0.7680690938908441
0.34683505817268295
0.9821496090784007
0.5148436238814736
0.6329711927346864
0.24319693573788034
0.8784586401516435
0.961292133641777
0.7794215533820253
0.9582811835046672
0.11250362380435633
0.7789700883478036
0.4464303897117785
0.2704044992803787
0.22432387062803194
0.19751269478622321
0.6348168522098239
0.10138292411958548
0.9967664213412553
0.5303142418685116
0.07407175767882714
0.8317884583505413
0.5965099904864362
0.9980559155600967
0.06419328475377532
0.8038451975006946
0.9573625837561683
0.8610431990614358
0.4089489164453266
0.9978785566241745
0.977771010540161
0.9569504204568757
0.6620738259703223
0.6406123662670713
0.6579308585831547
0.9738739513131482
0.8930180173779848
0.7330983303925165
0.5204223532761864
0.9663927515114672
0.8726245923145171
0.22430255538755703
0.9383966606061254
0.009767740390743964
0.9589809899526408
0.4240792950458506
0.9634447006448987
0.14430806914255664
0.4764714794483622
0.9498430871288958
0.9839634393991544
0.08965335464447943
0.5217961083710113
0.7112262716614294
0.7601570595529069
0.41044417976192865
0.83421472850546
0.9531041836671309
0.04853083276908542
0.9996341322193206
0.6789267542110706
0.41457387435184423
0.8280438489459666
0.27437934273558773
0.6125357836348511
0.8065142162910459
0.051730103084120224
0.5803739436215025
0.8358767460902318
0.5965129343557352
0.08680383489258651
0.8591621381857998
0.9973489124905254
0.8769176291296049
0.8299365843559598
0.158656192501309
0.8073640395248833
0.2053964285589221
0.4585226330820686
0.056634619814754726
0.9391458858872268
0.5898464266147682
0.8003222227638566
0.7998658533502654
0.9498648858890701
0.9428707334981189
0.2289354198151989
0.6053710250697201
0.5002360529383739
0.9213291657360986
0.04712289056753938
0.8346330381472326
0.8658678021888114
0.9733615821940748
0.1734038000685756
0.08810640826686601
0.5561865027132181
0.6927930874321543
0.1582522104889072
0.3377592789219468
0.848821080557396
0.8894568741436154
0.6595296069107679
0.9994501412549276
0.4168573366684309
0.924203351997991
0.4061325749318282
0.8919116634337454
0.875512035412693
0.9426413873001134
0.797536208391943
0.9811493695956229
0.8278878172218881
0.7167303079808482
0.945187247064375
0.1867161062476876
0.9915947922561509
0.9941554279143144
0.6012624574142009
0.6547460766612905
0.7938923285157206
0.7988002330176562
0.8199379397558206
0.9064907967680698
0.7044637737510209
0.45756143640411046
0.9900986403063883
0.9070191133375001
0.517294934644093
0.8426914200491674
0.7934235103147026
0.17380059163318623
0.5508989204051817
0.8900800526936941
0.8689284657329385
0.8596928953925395
0.7447967089148003
0.37441614472772816
0.026179087183072974
0.9514555263323152
0.9821654076010425
0.6568507669768155
0.7893494103245077
0.920085330132076
0.9410522750972687
0.6728029855205885
0.9451183458079765
0.3502429317034019
0.9055284423580322
0.16890583377054091
0.5673299999080272
0.8821738688925108
0.7004107271746558
0.3210019517862154
0.9986023526682755
0.9615354820490785
0.3141015848965272
0.9541116207851139
0.949606489849429
0.22637518494648434
0.13493971077118086
0.9213033525901446
0.652782956893527
0.720131918880678
0.7043595098365605
0.35320748763721727
0.9971157256218877
0.5908938014622208
0.9425338005125654
0.9400844778250261
0.9878764561132691
0.6546217819352615
0.8057244504158784
0.06232128339038537
0.5321877810020358
0.18633304677848617
0.8306444512209722
0.9891580542946211
0.8081331397448401
0.3005677900044398
0.9659526123232559
0.31073679045869224
0.47814495700629783
0.21480169220935513
0.5290819794510484
0.9548137719056231
0.7983854868491402
0.7005927095525176
0.7772422601597532
0.9917834511938992
0.7752382916866984
0.24357292324697263
0.22605988939388133
0.3464369521639241
0.9675518025787578
0.9811511325626465
0.6518435304061814
0.0038680521423052603
0.846301064488776
0.1950194647787781
0.7661904109596407
0.9848497479466215
0.9973371331957744
0.8945560055339937
0.6917920612498624
0.4058849584240113
0.17023270592135098
0.6439222636933186
0.5305221809788747
0.99706558259247
0.9798992210300055
0.4788967975727713
0.9829514339881467
0.9829408001735491
0.8160160606115223
0.3086290012545538
0.83963271636881
0.1893368370722494
0.552488980151853
0.6612643815049314
0.44240765104736707
0.8604683434326458
0.8232570577084595
0.5940781436570324
0.9901691402946283
0.42044020714985786
0.9723173923823814
0.9362429853580109
0.8318068078049573
0.8286612933764237
0.9549648103600288
0.9597612610193776
0.7998918794727508
0.5655373236222087
0.15435550573931864
0.5655657494801639
0.238929634545751
0.7104628353055625
0.48864743754432804
0.6275013691568445
0.9901314178059105
0.5832758099925427
0.9418100711066066
0.7114290446277169
0.7007493601776887
0.3543097428986007
0.5881846520857215
0.981853600427501
0.8292444117657619
0.8734399023290141
0.6824901001367871
0.96341772601966
0.06696487698490682
0.4923055961937552
0.6401812959091205
0.8036765463755303
0.5027810408627741
0.4406080551326953
0.8371602553410622
0.28927046445541216
0.48187198581656704
0.42208555198732883
0.9654010237856726
0.998961359229207
0.9913387927631856
0.9528521113270327
0.7070363976024399
0.8205516486591811
0.4805232967784167
0.9914021744073397
0.06778032189474005
0.33278339178940836
0.140631989353995
0.6481225606601845
0.7964171321834426
0.8933840254418406
0.7752956734368319
0.9277314685824712
0.9526282604330049
0.7969463413898464
0.40445829399970845
0.6124282150149811
0.9056661161958263
0.7007717061114832
0.9853724124368813
0.8831950913191078
0.9188317277165219
0.8233274056431673
0.7235216798851664
0.9347847056351437
0.15626975356568054
0.9695382318852102
0.4706015533235834
0.7274110523064661
0.1583724502715544
0.7775967251830905
0.8975722466736736
0.973707408897485
0.8044570398600334
0.9483428553204803
0.9265893952337582
0.6186050651046016
0.17261187033090455
0.35769264858992145
0.7076597305487407
0.7616442079130092
0.9633692792350695
0.4735110071015335
0.4767261489390122
0.31859743007598507
0.8398496819534687
0.972885948992774
0.39883407769907503
0.9100175391398371
0.60205521563112
0.949013747741842
0.9591799899192073
0.2603212255468784
0.9317527525014805
0.9169445103769425
0.635219351512197
0.3550887589820196
0.9479944589217526
0.6475640636775922
0.9021830949090334
0.975482964383869
0.09534143318038629
0.5849881062418191
0.8329097719543305
0.39212782266082763
0.32225364174380405
0.49719647177600357
0.3786397330239286
0.9663303137783714
0.7262205236275485
0.11160138506708732
0.9737053799073139
0.9685661230500381
0.09700549589390249
0.5338143294205022
0.2220245534621872
0.4820111398306118
0.976512964795176
0.3765053302648858
0.7064523657665208
0.598086326285136
0.8608040140077224
0.14659959683135299
0.17977690705225147
0.9134053036712105
0.8957187457625719
0.9620779003470908
0.9559743588073814
0.7753274250614641
0.957781941158518
0.7492417609328482
0.5060068023875975
0.3462548511691309
0.2570325926120836
0.7240978939436125
0.18389349004722041
0.9645349122727354
0.2850187708234671
0.5155225608512317
0.7730752496787574
0.1892468773534412
0.5988407632613271
0.428506018255843
0.25587176463474404
0.8817836777745681
0.6876887847877745
0.9509088088938787
0.607489718587501
0.9132078330495036
0.9228410350168578
0.4996658497919209
0.21264886711203007
0.8610228157726741
0.9769789543326528
0.1988103347297641
0.7978358506821402
0.1739290742515714
0.5347187102517543
0.5420692661036186
0.5462077941386855
0.8623960719590477
0.5931811649219836
0.18416972501417103
0.9823212898922606
0.6130456605610441
0.6794803508790472
0.09961869816231088
0.723160395970647
0.7213792390246346
0.7998213979961541
0.9288827429702144
0.2525800886841266
0.036639859313719804
0.405535696430772
0.6463509288445212
0.9913423398774639
0.8250786179233325
0.9878610428022441
0.08506898638001614
0.07127603134060141
0.5522952809750373
0.8916308213321227
0.23880585258051806
0.8768771936115789