1.59480905333775
2.4122712095518475
0.619254100737717
0.4599128673520618
0.33555338546106883
0.8551305650569252
3.0637447166470775
2.261356740003041
0.9510846791687557
2.116824114057363
0.1731976180444419
0.4182017810133605
0.5789821170527549
2.1147366229892235
1.5021524734929326
1.8794066543631294
1.656964928924153
2.6660992361714424
1.0814022818492521
3.1283232921978366
1.8509678759414712
2.753260681157549
1.8483224793107302
2.6980143727315475
1.3562789999203035
2.856944494956948
2.1733631114226766
2.622631302318956
2.149847695315448
1.7698896583479309
1.4577511405279298
0.8711462662842848
1.318891111481439
0.8636518784774623
0.845715287237153
1.9711483619639552
2.9910981553972507
1.91436322249554
1.9556709549510503
3.0713779204512166
2.109150777413036
2.8696978775492203
0.771403075125217
2.6245204932924873
1.658076793920169
3.125260156109615
1.4271442297859203
2.908885692672306
2.697604954780708
2.0609191268756133
2.1761300665316545
1.8129034107607023
3.0567696516043785
2.0246172043426887
1.980756060291334
0.8056862813580294
1.084891916379239
2.661093850215451
1.3036241398583268
2.521622744914798
2.552839488420333
2.249890384111869
0.17083652494307078
1.48335525205452
3.076985741578098
0.36497555378738245
2.001767361422149
0.7487751909274531
2.5159994414941584
0.6573268794483438
2.584629873225098
0.8182207146134011
0.6293952988249312
2.648190220992708
2.6041859615281346
0.16759690547024242
0.29327158267743414
1.2475759671911408
1.4759424168479365
1.6376729935147836
2.7911388212108603
2.917209281720263
1.7787794721242962
1.8220545427246266
2.8209469078299154
0.3818696509038402
3.0215470891882434
0.8456666212373292
1.8795977463452456
0.0973375652230617
2.952844770613903
2.970526576535204
2.567743312842315
2.4744919591579073
2.4339306223971864
2.911067451110509
1.9120518515456482
0.16523650730242112
2.474011864902651
1.7354687286880344
3.1368124803166513
0.876809250800088
2.178607682920182
2.859100743461501
1.2013323526556432
2.8049276328835457
1.8354103600056684
3.069330100105967
2.7745345337376497
1.9417929832818928
1.8117718255332615
1.9594534741639755
1.3730744030212305
1.04188865230444
1.4618986861239067
2.3700921668194983
3.0032399998962456
2.9022172721240107
1.6224568174710576
0.2792277486224428
1.9387270126619152
1.5000025404304225
0.6835960986081253
1.5449546637558296
1.9474556248014219
1.381936037036037
0.17373345995980083
0.4704993604331964
0.0016059516592279444
1.4971285904039453
0.5156203599848901
1.9286493318594164
1.166016903266347
1.8503176324525725
0.21018002121430035
0.9847220392628255
1.9522472475946282
0.4407572567365574
0.8337581625973995
0.2483487881026445
1.9289770297988937
1.2093109607795176
2.6977223588045245
0.3996047728594414
1.7731333531720486
2.4526974346331594
1.60636792603115
1.009696420152638
1.818599778795094
0.2561561092087321
1.8485555322431315
1.2968780409860807
2.930166659092664
1.9981458228300948
2.9320209582848387
0.7071644708881659
1.556475670107857
0.472267154894797
2.439087999893296
0.3465484205217897
0.2800910433086976
2.094227460675099
0.9294177554925271
1.28795274249892
0.03209274416200181
0.1425583322542825
0.3882924505921008
1.0662297575897792
2.6525161824473935
0.04670806487275092
1.7871508644480079
0.09986177836486876
1.1791079003794662
0.4965667893978982
1.5943243378866088
2.5746572598999125
1.2684351438749335
0.9955496607032597
2.3126072516873446
0.25255112325519047
1.6115963265730793
3.035426685331613
2.4922520126164516
0.686131302917981
0.7851382159933076
2.7279865378932575
1.428748372598748
0.6272685581351936
3.062634430566696
1.3931755308384277
0.5769907160941226
1.5173687341783078
1.7000307756252013
0.4610297793613949
1.9418930594145918
1.448330261259275
2.9959118635978674
0.6542732004984897
2.9679352925518554
2.0698570412449033
3.0409304371584422
2.417701376698404
3.011538757232848
0.11943895941127103
0.5517611561978293
1.4568523287353567
1.8710555514914748
0.5053237384375908
0.43778462143301944
0.6389958442461534
0.9642115884723896
1.1268144873183692
2.967273670746546
2.8740962854326533
3.0965038556638644
2.0849888238024175
2.420342869536534
0.8135091700233072
0.22044791414496334
0.2627238971663104
1.1324428431993088
1.816063547692468
3.1394193001694344
1.4259610909214757
1.869495420508823
1.6206135764031746
0.6654189199555551
0.48355497085124943
2.52869742460289
0.2184070168756289
1.9316571398922244
3.0820778942221727
2.8485470452643433
1.2596925140891182
2.9439473433893095
0.8665125656278292
0.3407689585938525
1.3559271624489373
0.12417792483109258
0.7431625350602147
0.5004780775779718
1.4011722293645272
1.6774687164154232
1.1077489831675633
1.1894617624031794
2.5248011682448857
0.5571403550450378
0.22082739670369556
1.985273032661997
2.9109022134409805
0.988817527794251
1.4333625155308614
0.36444224422068316
1.2190848117229471
2.222998358428975
1.7605796853700681
2.9685842765321304
2.781664135025258
0.5537137342412475
1.0535104048079749
2.0810138650343557
3.0192466028806146
1.972332939865388
1.3620709825995894
0.47169984442729174
1.54307560951698
3.0914724401955214
1.7049199957285728
0.6508322465331577
1.65224076746982
1.0784800902158542
2.1747229949934708
3.001182816666055
2.397645910084889
0.4568255760050648
1.40836692293873
1.5546000392297783
1.4633215834760218
0.8376975950068566
0.5463408907089216
0.08240099685708291
1.8216522237691013
1.3424952021908423
0.9819089894737534
2.334989218490324
2.7545063224162405
1.04372790877808
1.7489429902350189
0.3985745697731229
2.003867150830011
0.8761787985472882
2.7419616693952538
0.2620197854703106
1.390177334196248
2.156286532738032
1.1972296248975152
3.1120248415679805
1.7573353662657594
2.4427108171323066
1.941765575118759
1.7559614717201724
1.286550531839783
0.11155647226712428
1.632534176997959
2.50944029129683
0.07274525797775588
0.9070231695512838
2.92218141617609
1.1627522073794658
0.03063454093241047
1.1523468374169
2.6005452792861066
1.4781595072906528
1.9447809511775187
0.36536887537530394
0.06659430659318177
2.7648118109721747
1.6386273270573897
2.2357343285677977
2.700615161014011
1.0152633607435861
2.4897581624016993
2.412397468280803
3.1145220214801714
2.566845385190092
2.769805729004209
1.8556880974069054
0.13979797914190506
0.12007891321006747
1.1764026768455755
2.039492025274609
1.7108956717180144
0.15525831917182398
0.11360965632680387
2.7455367508082684
2.9106653948348438
1.540159368123927
2.613346844804167
1.0096919725558058
1.0385821396319637
2.4712532762924955
0.459971902837764
0.40843031877251734
2.1587400692662992
1.074931078595971
2.8416636500353913
1.376425244039341
1.1768239962474158
2.2081347759397296
2.9049365140301564
2.6351599361044364
0.6169117200174723
2.398254989576829
1.0765628592337038
0.4959212339443395
2.2059894200982804
2.2361945195792963
1.4878237988159952
3.0027850208793394
2.255401063056927
2.275318219388617
2.721018350919004
1.3342891028002821
1.4691426514680366
0.49180016766294443
0.6978306935883825
3.038680328560602
1.2598429656166887
2.653265395086434
1.4507558795807647
2.6382496482142797
1.9400709504463984
2.8295768782458337
1.9964912838319915
3.0514953738210986
2.8096769933909833
1.154140218181701
1.7824686204463402
0.5295108100013435
0.517436339461673
2.716623994749961
1.2438946940456912
0.7658146880206136
1.2914437017633587
1.7792195303058342
3.012562397420388
2.2533238461086773
2.440145065173457
0.07128717278289054
1.7816377620618162
3.039281716930713
0.9341940280139429
0.787097747116527
1.442482222093858
0.15784721240979271
2.0609036582327427
2.9128713126751977
0.35930170643719705
0.09549362849024945
1.607270950788962
1.053105018860034
3.0501123254297546
2.861471303576411
0.41688178640859475
0.4009588526011334
2.1105407941692214
2.767618029534355
1.4568823667712323
2.3655192645901355
2.3166047974847306
0.22545560462956526
1.7558801896357084
1.771004770138883
2.020781987129566
2.313407316419604
1.1495977349760018
3.1089112417231775
2.790905153357075
2.7491409494596732
1.5281765260116016
2.0041140955443257
2.344517021568193
2.998851183807737
3.1327394347858952
1.3105871168323304
1.6003220757998804
1.8804207997742175
0.8499145837148601
2.4040856291077484
0.7872237654659946
0.7946569661460008
1.4895849545608808
2.970765819411284
1.968903041357506
1.3856935101182577
1.0809146943105823
2.830941997064528
1.0582747544454119
1.5938222983666384
1.541226123642221
0.12013230373096473
1.5238388118422712
1.1607635039011148
3.116113545411773
1.2913488220386045
0.7974354092693847
2.431105032043501
1.4783245974964885
2.548403629238093
2.2008040289009845
0.6202276420140884
0.5306500638060232
2.8593723411385037
0.0367256428994196
1.1670874946475074
2.496969405524701
0.1678617382764087
0.7721279609602454
0.00220411928098585
0.08704463216849323
0.23447346323636786
3.1376552845953967
2.7304101358091186
2.107156138630308
1.4929553729016138
2.3412877885923615
2.720059359994867
0.2896102631339663
2.6935436436286917
1.9528512564598222
2.850536179598132
1.4736733439767464
0.9237575343156879
1.61792593365863
2.73343242258907
1.39069914767183
0.08636910941074172
2.5875450018851964
0.5513330829547187
0.15911411219632665
0.7084460435216755
1.5911287881981044
0.1807858364209296
2.5758959256489167
2.626274028306619
2.326243686702612
0.14406344677804217
2.1456131356975012
1.7870406627496527
0.6713347384949708
1.9118419461939684
2.440722207865682
1.6114087879436987
1.094991807232196
0.58249861849708
1.4879627119540668
0.3176428544286276
0.6011120470251341
3.0153166275719254
0.5365419325478098
0.942374049795899
1.5824517806191603
2.4186334102768505
3.0718840624730417
2.3730084944083405
0.13338076538603305
2.2800124624702347
1.1879026015194976
0.615094408681367
2.8860462819450774
0.7753382201503922
1.4380696886537665
0.4847948472357255
2.768907311986079
1.5500777947288196
0.20986937342568668
2.647634734312189
0.6726057865448656
2.5033101809640055
2.4252521223463335
1.060109518998626
2.9565896073056956
2.0934606372286035
1.7473422356523036
2.7309721213114564
0.24460829972452736
2.422675176956857
1.1783339847038174
2.7591745442171938
1.4023644401231987
1.3059201778347287
2.1580429627825373
0.5520797395408334
0.28465524122092045
0.3441992365646551
0.2392878168881709
0.26555174505505263
2.6658419473552666
1.1933169593448678
2.2250536651798836
0.2249573012941255
1.1470152848774902
2.088836322384612
2.728248640865493
0.5730182704583555
2.305974617515531
1.0156355103068844
2.8282542872255023
0.4877224170407235
0.9009989249842816
2.0709734331350145
2.4107686341064714
1.9998674069578408
1.0815810053803867
2.83099806457792
1.5173661916774144
1.2498741073153354
2.164220314859242
2.6679535842077478
0.9527371958325555
3.0029908811088575
1.3991129190963632
1.1823432520974508
0.6697134553565514
1.1231223267740713
2.239182112937481
0.8441513955810049
2.6639817071050116
1.9538973998448501
2.5245581157855534
0.04237299764082847
2.8696296467027382
2.011109047817529
2.6866097022177007
0.03546465612717231
1.721524352415738
2.6132251883201363
2.0646497648317466
0.26229839187846293
0.09507226081213549
0.23058758220769526
0.8837334190089701
1.7768412258789077
1.7196577325351914
1.539500500253462
2.5148519495389596
0.0810326001175139
3.0648137865584415
0.0793300403912367
1.7203057535474198
0.6344377427214725
0.8918473680803691
1.7851417796507674
0.8596937827501838
0.6975998577036684
2.3930233980485793
1.5145536535800774
2.7544620894407714
0.19222147371837162
0.2985181881046084
0.3273042663800956
1.5225456040414898
0.4518829741660535
0.9177857411073269
2.084295251791098
1.7805466748184058
0.8914166412858684
1.9221428184604132
1.4608784999289446
2.8043556222094574
2.6328288048176605
1.6758991366632179
0.42049038216592205
0.48248221336971486
2.958799355081015
1.971203713199336
2.662370668409287
2.944316650674157
1.258232485417138
1.0906744938057784
0.16536971888943874
2.156355909220369
2.9093224923347503
0.14678653329506774
2.236555925738185
2.7442945177965186
2.529426687193012
2.184801906874034
2.5576910188257127
1.2984025188623427
0.21390002038215128
2.611569127758819
1.0337342517336214
3.056909894740687
2.044622055665526
3.1046278524211166
2.2996989863378117
0.39173868155529146
1.3885234953451375
2.3864864061941944
0.07923438965163321
2.8039748845725603
1.4460862929449334
2.2213404200845517
0.6040052904341673
0.48580172519187403
1.8401862611685935
0.3262599177675858
0.3394136300933588
1.7137759321582093
3.0546266798873942
0.8746062713169671
2.025995944607999
1.0623977330860992
1.6584088027737458
2.585733704449069
2.6092746267619953
1.4511531255234669
2.4405062177741783
2.759134527286051
0.843524498918029
1.286059532543609
2.950237746851715
0.11959303259861365
0.4675072394675843
0.2670110627690465
1.5136313554235654
0.28340753035764443
1.936927639049589
1.9830276494985783
1.747194038941415
1.8251138216740799
0.7213115116261881
2.6630430201009867
0.641492266586217
0.17690249630401844
2.7780401294765618
1.1687409647305502
2.405190372475098
1.879233986627697
0.3078461908708454
1.544584681673653
2.616107907602373
2.6843517799700765
2.8920728029634297
1.1415912769543919
1.3242799017532016
2.154841400719034
1.0436040150239503
0.7675953309698422
2.3729521021338007
3.0914314456988263
0.1788273148473758
2.616655428796486
2.8603552826331144
2.507127556257802
2.6972463026434266
0.8015811653415303
0.3423707630241295
0.5737787323946186
2.3893876819903195
2.3428718574157337
0.9075870702537729
0.5973555299641351
2.5969097486173442
0.2856560521804923
1.7321372338810646
2.366020771446008
0.05380491804843501
1.5708345732655982
0.9156490831339035
2.665729994304935
0.12681540175905326
3.084568127740937
0.19926313082886438
0.5618338592549073
1.011635320537211
2.5640274255909157
0.4024339053512871
1.2428430506464343
2.7190018529392743
2.439875369497731
1.643433592958628
1.2226003615241705
0.9932954195930046
0.17097268325587844
2.6581202287383254
2.2095217855619635
2.213035733354941
1.7302771539012216
0.09533050236068963
2.881839318241492
0.4344309346896891
2.1120168231285605
0.05353128627476478
0.41410806556165625
0.5040892486186306
2.346722368425387
1.0131321739735002
2.7480510322053204
1.6556321005905996
2.2560540305035524
2.4746718350649894
1.115713736573447
1.9535321755371138
1.2026778643977565
0.2772508805653029
0.8997483958865251
2.8397946582841076
2.668175900814954
1.4598692576652335
1.7383836293208823
0.5093040985532693
2.490696728112998
2.5973153175643597
2.5455945805159104
1.1361458688671169
2.9819613763157484
0.6996645282246523
0.259489879975368
3.1075312952391547
1.2509287675382916
0.7628232312161587
0.8870924223511398
1.3336542629965145
0.82661113094247
1.2911638579425553
0.5787171693365263
0.05881389119315372
2.989639802245912
1.5619531890359868
3.0600103679275463
2.0058405430412956
1.109460209375082
1.518364302935388
1.7869125870721625
2.821412608858349
0.9335359368068294
0.9053574346107425
2.5165619325196085
2.9278726840406506
0.5541496350370876
1.2995207012190493
1.9508103086474549
1.985389112173193
2.758562438057253
0.2362825360528884
1.1260490932311162
1.6695014796526504
2.647039385629258
2.168825384519108
0.48401197008843866
0.2133008480412566
1.4513475498273305
2.845416289016609
2.766347164982353
2.0475207979659906
1.8486316180760811
1.4970194025910901
1.6405785196356666
3.0611140247069493
2.8340229121768727
2.2535808261663295
2.7984342266796602
2.9350401115732554
0.9700747990807166
1.1293424977044957
2.289572776789571
1.7531885508703269
0.8785619731715508
0.7045586682528349
0.5004186982337981
0.48021896587043944
2.8358481220863556
2.493244271612488
3.1037533738909655
2.003430665056496
2.041281297432027
0.06498635440544831
2.7617915472112067
0.942989982338263
2.907723348969837
0.4082244166605702
0.5814597103628207
1.5646596661600762
1.2400901510760427
2.4391121978983925
2.1063726746898146
2.505817117647407
0.6518904516265347
1.3456171694710868
0.4862264670159817
2.02208018723913
3.0318049779099736
0.7982203799263923
0.5693420099005633
1.3396775525519278
0.021389296948714165
2.9698138005039176
2.6054800642017835
2.4836951319263427
1.2436674435801045
2.110710155527088
1.3101364870501158
1.9660544886762334
2.4890909242179324
0.4809066566511899
1.9519798997680144
0.9994560358375209
2.690162786081653
2.1422761403439994
0.903236254768065
1.3131490839147153
2.856056614244893
2.7737696786749453
2.9411379349831117
2.921941037937481
1.9552959567269639
0.43327337138893496
1.8698348520592116
0.12854330376250056
1.983228218752024
1.68710719601693
1.8121868275293354
2.4726407459463804
1.4094232399765385
2.842385870802471
2.669751123138912
2.8013154339658675
1.2537886887464182
0.9067128847022508
2.4503935980936697
2.6312687512815085
2.4371085993933583
0.602251156584809
2.273156594643984
1.224223910882051
0.0015534386734032957
0.711718175395796
0.6765755662579052
2.7922145988031177
1.5518813815148285
0.1627049816281705
1.2533310799232513
0.9326316441751246
1.6171715546808798
0.766560865155121
2.8806998043992165
0.2064370697640734
0.525407700552484
2.869381814992299
2.8904160463043667
0.8270785452371259
1.9433752287949524
1.0349753630123404
2.5514602992951074
0.536935311529422
2.978920983483011
0.9291812512687505
0.9451612074037676
1.13245482426393
0.056355394502916045
0.4539996058614597
1.9259670449899877
2.9636619755231086
0.8236931995102608
0.03245725223737628
0.45563765580453763
0.9051680759367544
3.033197386352665
3.03675665887699
0.8865784105473224
0.9226573005522285
0.39551626347802893
0.47517479304371646
2.57430073934614
2.9544227506333014
1.9926442375664948
2.311111254273417
3.1413747860752723
1.0860991918983034
0.999216554784832
1.8421214259574175
2.1080569003897827
0.10772427734889511
0.8617601169334703
1.4568662936841532
2.847091868364198
3.096476630890451
1.431263970266114
2.233839897887477
1.0655537748002963
1.794063001532865
3.0300085959592007
1.9815262610938689
1.8326567695906029
1.990334708771723
1.404038986438663
1.955081887023737
1.8674209705279479
2.3278603210125324
2.8018688798983664
0.435812135021008
0.18586867537741325
1.0141709468183535
2.8826889429954408
1.0085724792378814
1.154698811545571
1.9157659898777748
1.725002409390462
1.80032913161992
1.2078751045195562
0.8861562374204084
1.4160725897526207
2.387441871290215
0.8850411046502495
1.3164980552671492
1.3737975886520903
1.90566210425541
1.7408962959172127
1.9782007512536133
0.8686982592273838
3.0195562321459093
0.7444532696791764
2.5323197866450684
0.33415563340238874
1.9767338350230732
1.346185249909718
0.39598891180534856
2.8306551222101017
2.0619154314157218
0.8097736090167391
1.316473260240211
0.48105964775876897
2.2441874692206136
0.7221959902102157
0.3541159698718439
0.8101860046022176
1.2680726293031102
3.026037864491612
2.390081787450484
2.4823585876111034
1.852942080203496
2.8785346339392346
2.282638236697955
0.4703256424083011
2.2457536159982165
0.7926121531664299
1.850150879384251
0.5616998302022029
2.0261293815467454
2.9131997803210314
0.4209880149925467
0.5077391489875436
1.3506825467494723
1.3815019725614608
2.0427557196340533
0.3486333862232889
1.2751838140776082
0.5161160751843781