-0.11357836603813941
-0.5185713356532913
-0.9358262480902887
0.7609726651094088
-0.28691097917458697
-0.9087180405325525
-0.16091361445933036
0.9964553230394094
-0.1321387570751211
0.3290636786912817
0.18281967636753704
-0.5387341873942251
-0.11460505714813521
-0.6755121898094198
-0.9011987023794716
0.5733672970927096
-0.8055809596617503
0.9560895649370638
0.7374663435788827
-0.21343720976041497
-0.19179108828847702
0.22161330138700486
-0.948892370640676
-0.687177547769344
-0.7462966882154887
-0.3601819338320281
-0.4312633279155718
0.5098935258227487
0.8365969662400011
0.6187344809217555
0.7531888514792255
-0.9853516107968849
-0.5095732822922571
0.49469438437172236
-0.7412724133656496
-0.17272703985333202
0.05320853064411188
0.029493631912105137
0.39898556694015364
0.1805134312029867
-0.5902005257207151
-0.024380181340375947
-0.18861463553008587
0.20154790000336897
0.20567196555748116
0.7414868959409969
-0.40272298790807687
-0.8540446721224524
-0.511559795973266
-0.17039788463719455
0.8646433660464675
-0.3292813408297207
0.2978358989430915
-0.15436983069389096
-0.7340621471224534
0.507920621858033
0.2409329132480435
0.38727276534115845
-0.7824311515437958
-0.9241869587990427
-0.872892674513788
0.16474563202664433
0.6842175210113026
0.46949424403308215
-0.3701304830363167
0.06781916650107402
0.7447409151898529
0.9528578191115503
-0.7741413769829181
-0.05579599918133433
0.8884060091032392
0.7866963377047624
-0.09975460605468783
0.46289533247711784
-0.9870579220840637
0.617954179901813
0.052558534980235126
-0.6237032232883839
0.08804324207574131
0.4353119932149838
0.4199412230924649
0.34823412097784984
-0.4250659896569311
-0.6729168449693805
0.7486021735775616
-0.32434584543081624
0.11770600810853898
0.710353782310726
-0.1559228704204199
0.5255434788268161
-0.11147943159216928
-0.07648949644864897
0.12570291233658026
0.6642884731139633
-0.7954511688519387
-0.03373532473717305
-0.8078879435850013
0.37342489136984885
-0.04796682319269619
-0.5231881985687507
0.7942722801796044
-0.807212058791805
-0.7140541828037876
0.6278404154206423
-0.6671555925639373
0.9065193377551464
-0.2204659046338883
0.5075483284760546
0.8684944560206393
0.5880327172991017
-0.4650109157118149
0.4841492980637309
-0.9026609815552866
0.2103613388702918
0.0734657412688871
0.3373438562064515
-0.3588716583019966
0.04514222114058564
-0.37565602430818784
0.2565094702254847
-0.44732282149037383
-0.9510676645993706
0.4475614412638347
-0.5053004550492829
0.8844557163130594
-0.762913787755545
0.7048683091703563
-0.26535112252871274
0.6800544068669485
-0.9569857674920721
0.008844637619477144
0.0702983199856935
-0.14881211859073115
0.6810027762038744
0.2390932514032949
0.7907109600140851
-0.5895246228672243
0.017100057202556595
-0.5703120197056298
0.4626433695183407
-0.7166487715724955
-0.20996255333068276
0.7243599453420005
0.42331575193844256
-0.7897408131894703
0.49604005548314134
0.9908840426651612
0.8411043938850702
0.35142982272135037
0.2626375915372032
-0.3333923831007083
0.9195679958800198
-0.38245279263258114
-0.3374787630899426
0.052952916582745535
0.26548322022106896
0.6563209418369632
0.13313648361598915
0.4542361155798257
-0.840052679403297
-0.1339944396454089
-0.9437667079430955
0.5939990746137493
-0.26617316468362945
0.934640411128765
0.0934300542815893
0.7794877456534551
-0.950633431660375
0.432983748425025
0.446829888164403
-0.21430726433853406
-0.9713358878128121
0.265259284192316
0.6728510051531216
0.9123194087043686
0.4378791296775882
-0.5101804687530653
0.23059931891334437
-0.17237831043441165
0.6536005445553831
-0.756031170453926
-0.9736508554747866
-0.9126450321428888
-0.25843411777547265
0.7130047716612161
0.21401865289742522
-0.21973126333402995
0.2258053126569272
0.3707158480053764
0.3163757227292982
0.582279922708097
0.8070325152391675
-0.4078050632077027
0.0734489565235012
-0.585031263737724
-0.5515448510186691
-0.6242652161431723
0.6454839952609877
0.17809322599063088
-0.0014214466864118061
-0.006185175407002989
0.8490109642294057
0.03756327038363147
-0.2265668237608148
-0.5851922180004825
0.06569939698940216
0.5303936252689626
-0.730907305295427
-0.980131474222784
-0.48103753967925794
-0.17569013445124626
0.874187697804377
-0.3576044957937171
-0.9001662218395877
0.4842588856427043
-0.9292978045451677
0.7304658430945462
-0.4735337205980192
0.6651007359690392
-0.1617053377841475
-0.7238808322495507
0.16299512417410536
0.48279183418708965
-0.16049569404198766
0.7869919472574238
0.39021573247911945
0.1390477318941459
0.903878899455719
0.4924794535150972
-0.03260442053407402
0.5931479648692936
0.40150801222138727
-0.5357030893235049
0.8350330873706718
0.62887469989325
-0.6993981791587901
0.5512539636066571
0.28713903606317126
0.6644483514861581
0.3434833722956034
0.5652240788101731
0.9905748690717427
0.3429710064093409
-0.792570158881421
0.8910585407955244
0.20036415597422438
-0.11613819151856879
-0.17377410711698377
0.6233569603865943
0.4066026515865046
-0.6816897686072564
-0.5610047742259718
-0.5108557061174104
-0.9110145839387279
-0.5908090148085411
-0.49580304160394234
0.5994108174142533
-0.6720205344537843
0.12003420632106256
-0.7661663985500715
0.7646669395627005
0.8431439858617767
-0.04819664749402522
0.07651283308662542
0.19949248319728086
0.45748199771624964
0.6325820108414959
0.9551090613865144
0.797944265820656
0.2785851527361462
-0.7557334383959173
0.4617573163706009
-0.8332196050294084
-0.06374548397604907
-0.6739677568749971
-0.3454822967323245
-0.7865352598615866
0.5867930601717889
-0.3665792057132824
0.8992721201993454
-0.43826924210282864
-0.8764468873600284
-0.5396521828196708
0.008360063875256105
-0.17531924974249571
0.49776987449107274
0.5817543766630364
0.03947228515740549
-0.4665373745639771
-0.7884334437493443
0.6939239433612534
0.6893664620045542
-0.5491142042823667
0.6817441533897859
0.6461717027228758
0.3942522649226073
-0.892491700652643
0.2948501879862275
-0.8306250681048957
-0.30623246310825464
0.6478336692297989
0.9644425699389992
-0.8905089171806314
-0.07501468054557711
-0.6090353677796094
-0.6416853102312026
-0.6130352476138068
-0.9306290151030238
-0.7091372036034659
-0.06504179844173112
0.0008455927148874831
0.9880561977052317
0.9893029509463803
0.9566258175777447
0.11419960314827145
-0.976742832220921
-0.8921836349058543
-0.0017423111578975961
0.9991160800351498
-0.9454140227869966
0.5503687935819384
0.045219734040527204
0.24238071092839114
0.4251280153225251
0.06701475498499165
-0.4105383128498037
-0.4298392109571169
-0.40103324527085793
-0.18471246902983035
0.3149257084240958
-0.6421746505185777
-0.6287897551810538
0.9750527577656976
-0.07497893319983424
0.5515949124914039
-0.9938586101497455
0.4565998826260429
-0.5350411803116256
-0.5786792599654631
0.2843026594803514
0.20893833961942182
-0.5595212093800677
0.4963003443910667
-0.4016120801710022
-0.07537328079753414
-0.9128467602189899
0.5643149130758527
0.8425688903848676
0.6206933900901522
0.7276843642828527
-0.3643553265580944
-0.35118003875365916
0.14665234229556853
0.45393338709731584
0.5916383607247372
0.5717995500330068
0.1081577343652314
-0.6768581310358905
-0.6197931724550559
-0.18409803198350086
-0.8662019937581251
0.8902753394609816
-0.28568575194003576
0.8641479723192674
-0.8780947471854955
-0.4861406232990368
0.7627207608868863
0.7205522587504164
0.6936397959144849
0.48499153358161223
-0.2275592490741676
0.047405375404419796
0.43670465502408573
0.4139967980935052
0.5584810153934855
-0.009513003141665938
-0.8980860435787331
-0.2996177223370707
-0.7497644480094411
0.6982677031764744
0.43609375984236465
-0.6204160515282757
-0.7442157574122208
-0.9494633936797019
-0.5793159220832756
0.8136614304823189
0.09919258823498871
0.938501106750941
0.794527801520049
-0.6369985426581458
-0.17068461301447557
-0.3229973606003841
0.3463399133754253
0.491121419269568
-0.7670570978325936
0.19981126472104077
0.8086427665366338
0.9662471103158315
-0.044011411203930643
0.5476718604696317
0.3184347545050807
-0.2860194257089492
0.8202291931577355
-0.7740710171604843
-0.13072962324510007
0.8663622128677484
0.6859147257106438
0.3499149479237807
0.15975442089060185
0.7095588214460605
-0.323743280030503
0.3821312350138281
0.8082258346750918
-0.30148628582737536
-0.21432623516606253
0.4622844927155383
0.8874307935653335
-0.7801349138729529
0.9427943385343558
-0.27799642635963767
0.9327715919881079
-0.333815539702049
-0.8635520609804519
0.74140624556733
0.3469797338469538
-0.9289932539401565
-0.3640346637051936
-0.060768544698895165
0.025267847163500983
0.7822663983766853
-0.2810491578526496
0.7525848008649588
0.8539510116010129
0.9044790772652361
-0.2348849565786974
-0.4180416924366497
-0.060646842659063865
0.27026609062093515
0.4644824319203804
-0.9106693617445952
-0.7755710597387216
-0.912282827256982
-0.7701599780249906
0.5175013590604015
-0.17147125150030632
-0.8441754073087999
-0.013755956814883497
0.08588409334307084
-0.599143371759741
-0.8844842788641952
0.483317627858687
-0.924909936756701
-0.3733023003133386
-0.9372271724301148
0.9443487370820085
0.8789025318084606
-0.2372018131951889
0.3370236161296669
-0.39846403837643235
0.013988798358605512
0.8952154540601971
-0.6783477197476148
0.7243830162638188
-0.6828022565280376
-0.8273332839868205
0.4016807959454263
0.3923199110592088
0.349945731480798
-0.8427820190367008
-0.5319054983595354
-0.4989741935527017
-0.7093015665627527
0.026673074938319
-0.47628333457163213
-0.25283251474471286
-0.1263127264251002
0.4773349646005105
-0.5851422272608922
0.6805538230956094
-0.7368357066035657
0.4539513024870706
0.4892664925714782
0.08369852099890232
0.5020498027784767
-0.4317147459871899
-0.5254451342738073
0.6766508702709437
-0.8520336513062954
-0.7626678133757443
0.6528481294182201
-0.31884544460942515
0.14314027117871148
-0.09415766368266307
-0.9238122293752119
0.44280169897431115
0.004963965774384356
-0.014727389646956995
-0.6917163047941401
-0.45483693116015655
-0.34762254061076786
-0.08275978468283714
-0.2181550374384376
0.2843121219433118
-0.525832017588166
0.6671288898091431
-0.7348806466179938
-0.9995645893230765
-0.3430026790739202
-0.4209540391156917
0.8568206196865961
0.974996906859461
0.9045641504225633
-0.3397671723274315
0.8629568755588473
0.29126751319855515
-0.005434849023735579
-0.4124460710484483
-0.12653194787568722
0.8648157187542236
-0.4709433459548402
0.5000491406803189
0.12924603574049268
0.23768343766625044
0.12886340331755491
0.5816523172354191
0.030671884633801737
0.27452318407481024
-0.5029401784872327
0.8833513147750944
-0.9623629980464372
-0.6124620668137576
0.2957481917188604
-0.501867843310947
-0.6264093054160316
-0.4455022854573672
-0.897374949994394
0.5675304087968398
-0.3842595001989588
-0.8969659263055177
0.018657072675625427
-0.3088126819711593
0.11638184054692136
-0.2189488737263991
-0.7871073143870819
-0.2510258175996889
0.6063001253453604
-0.8476140124062324
0.822951775493808
0.9216605525015051
-0.7330505596435496
-0.31696391968259013
0.0023061853902899936
-0.8237591640031244
0.13432803518234535
-0.4226112173801685
0.7377685969305809
0.9943689422848087
0.027256470515264853
0.7826911395949676
-0.6902891709482737
0.23879173701400114
-0.608028853927265
0.6377383970803308
0.05135669388363964
0.44684668299048547
0.33493186226820876
0.5980282817873293
0.24905298653481625
0.032348368629241855
0.7043973326984175
0.18867476692696153
-0.08200787457768505
0.014655529254448163
-0.2252657770712672
0.7779558391756367
-0.6644691506779514
0.7457862256543464
-0.8569601469708398
-0.3172074194579067
0.9155534703938405
-0.36186748769368765
-0.47654082390650415
0.3254666045417693
-0.10154440171036887
-0.39976711615014726
0.19547360732342975
-0.9817821326080673
0.027316795891332415
-0.9319121979842792
0.022915198446069554
0.5270383600912587
-0.7396260228742316
0.19274760632178786
0.2196839884640279
0.011322576614513788
0.48290270362674187
-0.7220866189153144
-0.6087919436384266
0.06070544903845685
-0.2415961609737711
-0.5466459275686587
0.780544605645244
-0.296874648724912
0.30961385594373975
0.5885018777717602
0.8920204582877305
-0.6416815873248776
-0.5733864654557387
0.98036141345204
0.27760903733650005
-0.8411853960836619
-0.7569379849105833
-0.13089434674175418
0.9736515381830356
0.9591506686982272
-0.44392190814791155
-0.13370317737839474
0.32212187896828814
0.38925126775758584
0.7889867042675712
0.17418527655153446
0.08983166504751854
0.2794171986029012
-0.8863711158116365
-0.7558404698963027
0.5532546912870543
0.7796195174357702
0.14528017853357264
0.4014258222317022
0.20541474169289492
-0.8518167493573501
0.5783543554952206
0.5122267773922636
-0.8864925575976944
0.6430940172479869
0.7216372794286423
-0.21970511426177217
-0.8904291720765517
0.7510185021741919
0.4352010702174748
-0.06683605020134685
-0.6923903755269144
0.7840253442192696
0.8016535261768444
0.47385639109617583
0.9595853494360951
-0.5423350289503848
-0.6122380650458211
-0.91514444798888
-0.9745737652461953
0.14887310060971448
-0.4135748322800577
0.2240180952154123
-0.29849134243684566
0.8580666335513317
0.34615262395936497
-0.9709417946440199
-0.4654199426902759
-0.0035864195246224136
0.9012025642581353
0.4569774957509068
0.7064725110731085
-0.18265471043788536
0.2818741092863369
0.6317012239374116
-0.14556006571476052
0.21798426421079978
-0.8114134483961862
-0.9238992890683795
0.707265109882216
0.18881698712886136
-0.07647070328624579
0.09510216871247291
0.4103350962760504
0.741224575484278
0.6176799043547929
-0.3666708055325612
0.8870487811506858
-0.2095097983909396
-0.8407829133156288
-0.6799806094808774
-0.8442473361168173
-0.4988044658906013
-0.46275954478890047
-0.8523999690028887
-0.9024124662773847
0.5760159543753641
0.5596452209706858
0.47386972317650294
0.9673125601526875
-0.8345228953447733
-0.4879949564933652
0.25667926244088135
0.20341441152623665
-0.20044882051312865
-0.38872349892314717
-0.20394340347138454
-0.8679391166431897
-0.3852111611039872
0.8717134028466543
-0.6739043830417147
-0.9710545187141538
-0.2726349906736309
-0.1234682648211411
-0.5462771269580586
0.48049324986452063
-0.6775949340040942
-0.42402761267891287
0.19115016306335017
-0.3299613576806009
0.6577641905059413
-0.3803298042782526
-0.3093877323199118
0.5447654401638474
0.5173282907974772
0.7211287285035629
0.10715984170731913
-0.3106520455320355
-0.33039591352866193
-0.8150778103934591
0.7470133058799222
0.4544435922697529
-0.8823718745867559
-0.6649352917723875
0.021759639888384905
0.6017923509520869
-0.6534311008788055
0.9148436127023692
-0.4349391397234589
0.9225941582721775
0.48458999462571345
-0.7398683956574873
-0.9121557140473135
-0.3367545091813671
0.7811407642612184
0.012189283000904595
-0.31871029638847237
-0.44215855053655384
0.9364345870414342
0.6549383944957076
0.9359750369603442
-0.8328627553450209
-0.3550055287914212
-0.44665484449365966
0.83197437524613
0.090749314109704
-0.8698912073945276
-0.5972124533406461
0.427986293160501
0.11940002792382856
0.2826529040554022
0.8167947589700771
0.0896100294764687
-0.8271490171073029
-0.7879241795587194
-0.4381400752797572
-0.7105735338752371
0.9625338058146434
-0.062113089995668905
-0.4083038524108269
0.6984281158766558
0.007729817338854195
-0.1901919111921183
-0.40919952766913004
-0.31996808110411107
-0.6306873223953033
-0.8420927138030405
-0.73239326841266
-0.6595682145832579
0.8328311928442279
0.8249041808121872
-0.5669026396296539
0.22777438559897598
-0.449442110187221
0.5724848866036504
0.6380355852885384
-0.6489519136795584
-0.0026969840492012797
0.1378448799317323
0.7308643057512954
0.7625054081054766
0.7740450195054747
0.17366507860725364
0.3947418354348618
0.8861140752872125
-0.6908662067517383
-0.11403858847019843
0.8083406234321564
-0.07798802187033599
-0.7653115631184162
0.900232617243344
-0.9354871241072298
-0.5314098574046656
-0.002352292103685358
0.5567362964565236
-0.7556512286254661
-0.9843623106274884
0.4961231146746187
-0.6535933579579062
0.037178663640403654
-0.1962801913340942
0.9262185642508768
-0.6237842224656194
0.07597460650383264
0.23228651447579338
0.24327727647137834
0.983860943878989
0.8824229652325251
0.056766730167490634
0.729208242337407
0.8280516948994081
0.7203583257135537
0.3336104715011429
0.5354822281151518
-0.1712649883572267
-0.8397900862008284
-0.6901848469198485
0.09459260383871282
0.6984027418144334
-0.1062667356257886
-0.1451042973353157
-0.36802079441495233
0.8195013222301214
0.67644945582667
0.20379857459935521
0.8554556984730574
0.6314513967596184
0.3210216878601002
0.6977333840521184
-0.14410100959607178
-0.5587080916279953
-0.39595326683282206
-0.39370509636574985
0.2840149202352451
0.5511951762583767
0.47240874711812464
-0.5851752587686585
-0.020134099643585597
0.47688083270545645
0.6929099839189772
-0.5300375116438512
0.5960973621789957
-0.19431293176979386
-0.28017321264184897
-0.6145359406337686
0.3325509264060498
-0.29434616752627085
-0.3020416348167833
-0.9236995435930685
0.08176363343255595
0.8080387736370345
0.9988300932949169
0.5975395932057251
0.07686608207583731
-0.0287524843397204
0.06453740774292371
-0.2032544533543126
0.383655872971081
0.5533403799981352
0.7283155522283786
0.8108398377140998
-0.8380820216437298
0.7671859125682852
-0.5004600996971407
0.4328285668991606
-0.332845124591083
-0.26424227755693447
0.2553909489098997
0.19908248986381769
0.0985941890581263
-0.3656563501883556
0.7252128363477323
-0.4283690887086997
-0.5978935125574556
-0.6364941178353783
-0.5015300076855295
-0.5385055774727706
-0.7608367741768577
0.3328932600416445
-0.6519637584748011
-0.045885836620371795
-0.828385372411207
0.191732373975418
0.126296896582887
0.38258580946502346
0.31105317935751337
-0.3904909320194342
-0.11729971316333355
-0.7596214474097754
0.8670810492495097
-0.23491439446023582
-0.2997274170642286
0.8062187061912316
0.9310464711746813
0.5627082379614873
-0.6256263628185079
-0.025491439208807167
-0.032822064295240407
-0.1786591014494625
0.9884536713019312
0.9755310098436427
0.03059536865805767
0.48188533913990383
0.7128503364826786
0.8701875511301927
0.12215828367927926
0.34800705215351996
-0.30241876852494187
-0.6687681536194368
0.7948597035001123
0.322386149347229
-0.3426411341737933
0.16788644834685412
-0.9738652149479443
-0.41708739309126786
0.3343491187308005
-0.4532149133827127
0.795332417223755
0.8328620164584736
0.07901225188584954
-0.8155392393000762
-0.5216966016407172
0.2422236109857067
-0.144901112401769
-0.04596340199167501
0.6521155125416921
0.22244245381581582
0.75262332384933
-0.6088536884834197
0.23950754979546296
0.473876881145074
0.18690176827814212
-0.6491961008087508
0.11299591915752964
0.768586709213299
-0.5681306960596919
0.7259079141357513
0.39849358161511844
-0.45221124567905974
0.6545943930106525
-0.40780131611002984
-0.23649664954708222
-0.4421942032470476
0.5332965403859469
0.5114131141068793
-0.81271884587124
0.4794453156917257
0.4642632295266041
-0.44715816973973393
0.1869492181262067
0.0208027238842768
0.7624036179708704
-0.23107477756423248
0.48322684914232195
0.3202571996342247
-0.05968597039805357
0.9003897070598091
0.5925120417314642
-0.7721333123097597
0.5316288300536537
-0.20882341321304282
-0.05035239100616942
0.15689754882411636
0.16182031473926198
-0.9893348565766086
0.06265299190470361
-0.6532441115096467
0.14971023849439752
0.9098849773435387
0.7722868666090397
0.7356027747608733
0.26000630744041364
-0.6251170300812336
-0.9168022580172248
0.7838268823623215
-0.022814830049049044
0.49997195160939895
-0.880993761641472
0.01913748972569424
0.01607347373020414
0.06491103576826411
-0.33372636644977033
0.549596964877724
0.9310829174787171
-0.3111464520063524
0.5398531574901898
0.7212167602231604
-0.7549396107027294
0.8821389585614701
-0.9430138221240368
0.6315461579189879
0.7351772174801343
-0.00037738673601998683
-0.9479639421477115
-0.29870867085747044
0.9720248594742656
-0.8468875231088109
-0.6538874387177281
-0.8796992100140749
0.5029552799161381