0.6014741689438009
-0.1168302304156452
-0.3254585133484896
-0.3165103904227225
-0.4449352366412843
-0.15735018540961193
0.9852833606000969
-0.08388272309541057
-0.843557667700643
0.8091769755660259
0.3636053792582856
-0.45012492532694753
0.05886531118310998
0.48697119553394347
-0.04764117832561576
0.04598048568231772
0.44675608018164437
0.07939393717783014
-0.6753278896750937
0.9405150944643176
-0.17696479748311209
-0.046817025590217935
0.31453445610769576
0.328007070777473
-0.01633679189677742
0.46684938040228935
-0.6666456597468277
0.7514565008523754
-0.12544497229378723
0.7458056127201036
0.4860649293044288
-0.1695134613664298
0.7667436272831567
0.8663396670037717
0.4177265616451683
-0.04195706934091761
0.01033103320684611
0.9992656333387161
-0.16679661470346868
-0.6029557201496082
0.14324217854563354
-0.9481876438045388
0.965290711125808
0.42495625912342094
0.4889299545718728
0.5919126095531781
-0.6129970497390684
0.4791093572478237
-0.8563870103031601
-0.007055314173608728
-0.29689472408286105
0.5097279375128753
-0.4166796171024413
-0.9047776958408001
0.36073617197763136
0.6553605041739414
-0.5537763533834512
0.8916045377772439
0.5736525601033415
-0.13065765978940777
0.47712191390659126
0.47753134289460497
0.4537285314454737
-0.6863431889646483
0.8358491528363394
0.9299772678133628
-0.09640101406905237
-0.2151974131678348
-0.24860502602846246
-0.8046555488710617
0.2342405874097652
-0.5841860808327424
0.5939900411943119
-0.8442028299498443
-0.039886620838675425
0.767158473974646
-0.8947260421013858
0.5270208099965132
0.3630422218429571
-0.7351243106464261
-0.6477636115020686
-0.2836833791623429
0.8477637319862441
-0.6979929550886962
0.4633565888553423
-0.7151076463197613
-0.0367558819855715
0.49020153746054274
0.7486875390112699
-0.40659694740470415
0.4905473567447404
0.9970490724411861
-0.9917032764616566
0.2895386590588808
0.5405273850583132
0.471782275255104
-0.3394886070846826
0.1887899913872093
0.9785675032355493
0.7271372978669004
-0.6071383931827299
-0.49823478095299883
0.5583590605964215
0.7659061216834381
0.721695783882274
-0.01175539466381002
-0.3426593324202121
-0.11774245903896495
-0.4910951089019603
-0.6536150574330654
-0.27235537202115023
-0.35022804063822804
0.21724485529766532
-0.9610650778190629
0.957439869738525
0.21425011374633546
0.6498988530923419
-0.8424232498878697
0.7074068989945003
0.41612567175528603
0.5632472167986595
-0.13830992437681786
-0.5116954637950036
0.554636133684421
0.34696662015915136
-0.4031584293579578
0.7092930938526771
-0.23884548516221102
-0.6389417846174688
-0.27893680837642376
-0.9218123481079853
-0.8825331533128568
0.0432515893195565
-0.7184628331347516
0.1930074494875168
-0.006969989096934138
0.3573254153926458
0.9996682604966817
0.5217353440982765
-0.756031496492673
0.09511388034812754
-0.780162752195792
0.674114036977685
0.8471170121556363
0.44715736983647847
-0.6720824684664869
-0.05524379222233753
-0.5098714858218086
-0.4537490698521996
0.05393442999996431
0.0342848964110364
-0.006440258579252275
-0.8189632560117315
-0.15719443672231453
0.96084983897602
0.851050426952906
-0.7335839452503385
-0.9840318996826128
-0.7838618604197845
-0.13757764946016826
0.7598057877828432
0.19806337473909733
-0.6596829646834724
-0.8379793458607266
0.10818316033403665
0.5884075467983194
0.10455772210235563
0.3093107278857771
-0.8710958967311211
-0.72982344355213
0.33903540828829665
0.1970792052329948
0.8846947681459469
-0.5462733428773001
-0.29033256650149075
-0.6040714952036143
-0.3943329143795366
0.4380176257952862
0.9339047534943615
0.665901380344006
-0.6197769686260376
0.2248724996643335
-0.20577216880195465
-0.31260786814915004
0.34604872315948904
-0.47139846028078103
0.9472353227707804
0.9538211180164702
0.04629588270066303
-0.21101074618212345
0.8128713339043093
0.5470153976773469
-0.7536397458344194
-0.8439871590685204
-0.7457799635152801
0.45038979320741296
0.3888492622392301
0.39251583151294306
-0.48953687257546297
0.476879689728122
0.8293288511094066
-0.5232368907062273
-0.8689108077315736
-0.8793811640805904
-0.355031322336738
0.9457245515171767
-0.5296031885359135
0.6654795890760816
-0.18407435596268343
-0.862914111689667
0.7331270135716328
0.3536447033936231
-0.6833109336295526
-0.179060393480737
0.862252463395204
-0.2547881952405864
0.5395506625666167
0.4881782363144507
0.5228354930623805
-0.31302668041448684
-0.02430126537551542
-0.9789823236911136
0.7044179017468171
0.890346229065524
-0.20619941993732369
-0.19118301360621998
-0.29925464324904444
-0.17666016471964294
0.8647249572571823
0.8560225238153375
-0.42315789441568163
0.7559477516160642
-0.739322385260868
0.43628352946574106
-0.6470994452347067
0.3192505449149756
-0.5330015072618786
-0.8999085472604017
0.33357548377858776
-0.8768725804667624
-0.2984784062314477
0.034535290189288415
-0.21760831689037632
-0.41815824592397455
0.43645976849688745
0.9409954931948379
-0.20787921080680064
-0.3558223784925205
-0.7805962088175561
0.026314563681826775
0.21970865407466028
-0.8135913044964639
-0.7950931064199512
-0.20895276672246835
0.25275845340820674
0.5647123438130623
-0.7233137271784316
0.5563958917549546
-0.11672680513655657
0.33153842571824743
0.23208024106589126
-0.37924163716751075
0.694783664587689
0.9351057767611815
0.0474357364396353
0.5092083464780718
0.7156394113156349
-0.2917597818194404
0.26047332813738505
-0.4400781205214038
0.6548725167952494
-0.8326378774804742
-0.5142420394834895
-0.48144127406472703
-0.4125672238802163
-0.5681815056967398
-0.304034550043857
-0.7623572763405178
-0.03254784927897555
0.38474863277537225
-0.08713069329324188
-0.4004754725576399
0.8255059007788471
0.26067295054219414
-0.8144099762952832
-0.446892906442014
-0.7456500775774059
0.25834848374385916
-0.8372792346844345
-0.07106641787054721
0.037053496800413276
-0.7239520207085879
0.7182675086259266
0.3585708337070913
0.5030614917613077
0.8371317450516182
0.3501112172911301
0.8912696179946177
0.5567023971545065
0.1171901973949587
-0.724597549270579
-0.24101895856926436
0.3913462633321833
0.20572711453650128
-0.5034103350710424
0.5157538515334159
0.5815577017770261
-0.34299877634782633
-0.5901964913456719
0.4534024428497257
-0.866959846570872
-0.052518144561430176
0.14535761883588652
0.1481674667861957
-0.9042217407942342
0.11009938104546155
0.44116447373424306
0.6879564646730615
0.007958294960206967
0.30732754110391397
-0.10246783664746091
-0.6330614549972836
0.969796148383163
-0.8837957613766081
0.6508954606944839
-0.38234023119076666
0.5358297290363659
0.24588384593442222
0.6954826572010873
-0.38150873693922527
0.30369255710206405
0.7657272060118959
0.1019029780790587
0.997184580744809
0.7808489620825401
-0.01606454232503274
-0.6559340638638408
-0.8337199437534919
0.7321495648287863
-0.8370246809185989
-0.9660218759131395
0.5561108276781662
-0.8589503964239041
0.7670301280802326
-0.9574865211139528
-0.20220926341825018
0.4807382208776332
-0.10911489746971563
-0.17011362585984122
-0.46228199873149267
-0.774861407700422
-0.9190064750948855
-0.27029425011188213
-0.4574624299953596
0.33305856058023964
0.7982221724917001
-0.9877950621003694
-0.6566141013833834
-0.5222018121957239
0.4125726264505402
0.18124600159776819
-0.0904053561395989
0.6680843336808541
0.4513525477055069
0.18330531037596867
0.8647619924987417
0.5334285537234134
-0.6933950059432449
0.4848033696314116
-0.6479151144685469
-0.01741279389983169
0.6145010232655667
-0.3201773588770872
-0.6427015767375779
0.8287690318940953
0.9967960337685469
0.11085699032308242
-0.7324839544813212
-0.3611722022669235
-0.579980349920372
0.5035332588983323
0.46828044660766194
0.08280677314065471
0.22984721483106094
-0.6607819120198524
-0.031550020237268814
-0.20429711718300658
-0.14767812294493118
-0.5084343905136441
-0.6340717465838263
-0.9718046952127711
-0.827134736440775
-0.3877894665135565
0.300347961699336
0.1937280566814996
-0.5532341862635437
-0.3357280909327311
-0.16685067912461665
0.033287047453975656
0.6769751427938284
0.8874770698955983
-0.6416699827051172
0.08729685255841316
-0.5304813936010232
0.8848981436244896
-0.2825789081249798
-0.04822598798139393
0.09854476455282897
-0.14763309148524698
0.6592227271472505
-0.6578715590009728
-0.14092902389412612
-0.5344034876568842
-0.9220820590447291
0.37171960775821855
0.43412021405113177
0.21105217927526454
0.17114115264073648
0.044777564024756716
0.936298858978997
-0.19195887142491416
-0.8832884775677463
0.4505105655627467
-0.6596296669875982
-0.9219469934298815
0.2604219132463125
0.5052928787852345
0.8622633263840893
0.36282350594688734
-0.5953872817093685
-0.3095797490283141
-0.2049587974212418
0.3132226592408884
0.30099631764307544
0.9693554509115985
0.8889246925398536
-0.1734061769995157
-0.5586047146487534
-0.4694395346127299
0.4050495837511923
-0.17735319989792056
0.13627599661299067
0.6158273587320389
-0.8495820709267942
-0.8284994314928242
-0.530154196135737
-0.9998415216229941
-0.9941809811110843
-0.641374043747403
-0.3027120885966061
-0.35053888183278603
0.09696694865802495
0.06391340497950719
-0.34866128658458356
-0.3257956783917917
-0.44182874993387966
0.48346753657428526
0.5842235138686367
-0.742988176262959
0.23372404703070057
0.05810991673263759
0.723236438703178
0.3651618995697793
0.08920472033357524
0.30774551131069366
-0.4268900450421892
-0.9096702278310694
-0.9334083466860624
0.4061351815787541
-0.3314208813714131
0.6161026054623168
-0.4316920936761772
0.2537562331406372
0.8428380390376331
-0.8835714216229512
0.8682503389012386
0.8157462667997641
-0.7618027136133767
-0.7298857748842762
-0.5779580661376541
0.22124977478545177
-0.8604216097847429
-0.8482218435187987
0.38540391858557044
0.8478470509980657
0.021694546289283738
0.4619942356574597
0.3127736381977543
0.49861692207694575
-0.7477144641458257
0.4124444685400707
0.7772918761986907
-0.14995773781916755
-0.12666285145619324
0.325004255805266
-0.08884084701147996
0.39077410192139156
0.6473810623479177
-0.24280151347359805
0.05100197217635612
0.13573110266055635
-0.8473293158380645
-0.8685194111020488
0.6363336956113145
0.08408661653792598
0.6005002665583334
-0.009474082637158718
-0.1440756925329296
-0.7828077043744097
-0.32591514134486127
0.18067805561134803
0.41878784082199405
-0.4472572195976724
0.03156220995643703
0.44649855404214384
-0.03521050660641411
0.700516442159427
-0.6069174025376924
-0.5005725148752674
-0.3529603257796139
-0.7341699513111466
0.5198146581842744
0.11543379476295934
-0.36666391047752345
0.20205288763670776
0.46363190611349325
0.2636689741532322
0.7414219709076876
0.33319385376029864
0.27157435903343835
0.4731433275399059
0.92712372747536
-0.6440608954173545
0.5455805299572191
-0.1400840716187591
-0.11996423222092564
0.5668692300675701
0.8840310888768882
0.16038115518962645
-0.5519089567981994
-0.9500119306481172
0.8763564332642287
-0.3346807768234763
-0.5972182156828577
-0.46052965724377415
-0.25690583835526665
-0.3428880586328472
0.45057123561655305
0.3712940182352693
-0.04004520255867206
0.03262468877358119
0.8738075709789417
-0.5405046777412161
0.06543736174720512
-0.37679530754784935
0.4909313633275008
-0.03800298000114766
0.379190644356725
0.33735368643538016
0.41218416743302305
0.745115340271814
0.12356872876321078
0.554639837130525
0.7438706445225554
0.6529690498391801
0.9233794128223506
0.019562030530488623
-0.9684585958260803
-0.3530305001633726
0.2904107028753869
0.978381566208047
-0.1757661086753863
0.7111164412041989
-0.6370234143948703
-0.5431830467664216
0.4543996822116062
-0.019985498063628593
0.4053577783981062
0.8639195056149087
-0.39934965365868325
-0.11433497372560458
0.8278055281593576
-0.07067990138039704
-0.9039024637909576
-0.040271281246629494
0.8104873690816579
0.11916816246888962
0.8552976293495209
-0.3299256161642136
0.9990300617314506
-0.13792908424756417
0.6662340319678426
-0.7096059780466715
-0.9723368133209135
-0.27616091939248283
0.3690065655165069
-0.2962384607553816
0.20277333380573673
-0.3548147444697606
0.7551823850109056
-0.41532716817331455
0.21434771019662205
0.08811077859817905
0.8230749230656176
0.13125574232443085
-0.4502862399331257
0.6023319865717529
0.4017796795248129
-0.049372530290953086
0.9519222118848104
0.24754051715476308
-0.10369216619350513
-0.009163978338082494
0.2273964473338003
-0.12660903903289275
0.45599529089461444
0.17976901580509932
0.05520276781927746
0.9204208226477196
0.5868963053561077
0.9827770236264526
-0.9953511319421031
0.75120819173018
-0.09391656785392248
-0.15709174335707457
0.1876503852904404
-0.5985144739679666
-0.8796112073055157
0.33742483797311357
-0.5431021890066615
0.31105476815130345
-0.7869251748544029
0.010420467994022799
0.4244338191847568
-0.42553264420564474
0.37705944659646173
-0.014921647854169762
-0.40774016165054955
0.29232695202310366
0.2700064944807414
-0.10266941345340996
-0.6217810367214159
-0.2856630179386066
-0.523779671000847
-0.40245446929797696
0.07629700823937874
0.6542362156037006
0.7869571629538091
-0.23199579893926547
-0.18934128117465027
0.9662140506028583
0.6302472549647983
0.6244816175087111
-0.8702207023940276
-0.3627236403720221
-0.33795986209134266
-0.22605459534155584
0.3933742653069801
0.013685006727323866
-0.130575397100457
0.2990958715107979
-0.0524571566614637
0.5953051052627814
-0.942808156838697
0.38537721713819223
0.5100091214094258
-0.6631583300531035
0.5397442866596565
0.36758081538419607
-0.06327076438493011
0.200150195210166
-0.9956534175227967
0.09859440762860991
-0.23328815719222223
-0.2831222007142286
-0.7012971957094606
0.8151490223217912
0.16532002651009128
-0.37472328225136253
0.5404107667429612
-0.2547845558364244
0.22692165850599086
-0.352137936517734
-0.1871462640072541
-0.34519945778154953
0.29870642602790004
0.12972486610960948
0.10633549577749367
0.7333270420284967
-0.187085257828628
-0.3356945267317838
0.012104051553559892
0.566506778377913
0.0767678436724255
0.9501713466089373
0.454906532697849
0.85006377459427
0.4871170488198539
0.513295573747947
-0.4796957919386934
0.576252494892727
0.12084580061032213
-0.8878127005609293
-0.47277034433923154
-0.15944349131803978
0.3127469884921572
-0.451343222499836
-0.8832891485374804
0.569660463427883
0.8394653718458808
-0.713782233722971
0.14083174381125302
0.9386381043410599
-0.64283900231508
-0.7938346551541801
0.1974620417307442
0.7180352422247651
0.9422530208689179
0.3739232853173291
-0.5792440215767336
-0.4062940927190335
-0.5857869493402146
-0.41398907931783363
0.739207843941708
-0.9293964716486066
-0.6407847136804843
0.07294761659108438
-0.3093658527888094
-0.40626514324217305
0.2539717896698019
0.1878910140145955
0.6701943820422906
-0.018026868276272992
0.7985834112566973
0.45545933421370444
-0.7282187086198343
0.8761634306578517
-0.7568016236696593
-0.3307165701768617
0.48726191976045025
0.31995283073311137
0.2722740118318414
-0.7806629551090287
-0.7943529025212352
0.3974356959800302
0.970025244974668
0.2297189741930609
-0.00825564336113357
-0.9027157665926692
-0.9851522108444888
-0.28265399359664833
-0.07441961901204906
-0.8780330076592366
0.010717361210077032
0.06425153787531696
0.7732695554352895
0.392006249378891
-0.19823274417565034
0.06228064124236977
-0.4448784141021546
0.08526899455514847
0.9898754413804691
0.4753122919431523
-0.8529800604711744
-0.07145729301639546
0.17366969053466172
-0.3958275786448445
-0.67695812905756
0.20474858056449066
0.4939057194710397
0.36810853450787545
-0.14859427862027239
0.8215702702904893
0.7395421696053873
-0.44859130665577046
0.7514754821197955
-0.0898189426264604
-0.6435971223742212
-0.822908231907991
0.6790458771298175
-0.5379456624806079
-0.44560273459199645
0.6820074636579491
0.05400749967910802
-0.026634357380711304
0.6660168959994536
-0.9093037179884813
0.5880756426052224
-0.40324832706325187
-0.6435722039066355
0.35529724301617005
0.3448202056467402
-0.7027155621643709
0.9826292360617983
0.7253690712764715
-0.19537493746993695
-0.1423998292757923
0.13722760920262467
-0.7502504305434022
0.903565935962753
-0.7721562392187453
-0.32288551013844063
-0.004267588061721814
0.9679660468206684
0.5103070293508047
0.8894692025067683
-0.04381968660206771
-0.10741173489125709
0.287436741997439
0.13875061171041955
-0.47549837815334234
-0.6804212574779602
0.5034369687350767
0.47317293921316966
0.04331319812922591
-0.3429416568070457
-0.3267896292989451
-0.9917031898322882
-0.6131231201661146
0.5600433539112833
-0.7369787019924373
0.46962446406487296
-0.5663029297118739
-0.658106781745959
-0.41932645507878
0.34416532333940913
0.30595355077886155
0.3549737765257323
0.561926813071826
0.2559105215979468
0.7981175193675069
0.9055243128367069
0.2696254649716645
0.12692512939146097
-0.5474567464078649
-0.32987959685920343
0.5083301350234272
-0.1619391528992921
0.5105640423786598
-0.5069765312287464
0.7014036868632885
0.7976024869143469
0.9405129896103711
0.20201902250012327
-0.6300071525742318
-0.11900222400356544
-0.28368271839797476
0.7347404340459514
0.35070266177576975
-0.7187653747034117
0.14606323283545708
-0.045228669922632754
-0.3851645974158546
-0.7535277121685727
-0.9935120130935007
0.9475877837396808
-0.16901037962593773
0.8979677423222084
-0.07731806916009286
-0.6736221424436748
0.4113731875124655
-0.17624774918075767
0.6061801454627646
0.12072512733308412
-0.04702025352487625
0.9216076795371293
0.37339209788017413
0.020955478939283064
-0.16029275690488573
-0.9620325769358828
0.9306148656327459
0.40706203733565804
0.9015889252072172
-0.7959948557517063
-0.21252614299374234
0.8473642910570125
-0.6897227455066033
0.6397293404012215
-0.8569787006070918
-0.7447793225090327
0.45576378140273976
0.19156217632632175
-0.3586789182318302
0.3998158370320184
-0.7214593897116541
0.5926500939362567
0.7271782576402621
0.6700769806439065
-0.6476090602048667
0.02631004372445562
0.7036925373537388
-0.14019819616185872
-0.4806449055827113
0.19125206974087372
-0.25588532875294706
-0.42694154182195315
-0.23603175802384968
0.26996264452052354
0.22507564996091553
-0.05490001122540335
0.05135870512830002
0.9147455273091413
-0.8581296099304535
-0.6904188014879279
0.2925900297775331
0.3801218925146653
-0.1447470698704425
0.7529204234180833
-0.663637819386355
-0.23893148895782557
0.8179721177491259
-0.0028799931561716862
-0.2648489745713516
-0.2195858462555679
-0.03767387647465967
0.6108921802554036
0.022384486090766084
-0.14257833733502184
-0.5521457706161271
-0.8049186941618284
0.4382669069521472
0.05951357883587438
-0.7639684238056903
0.21587876772704678
0.7935279338737974
-0.7162404681962176
-0.25046108300645714
0.6075691535403417
0.7716682699939654
-0.3698758975602247
-0.6563103808714407
-0.0015890101167633053
0.716517544226825
-0.18909235604411495
-0.3515068833236988
0.6326925933836818
0.6322114372294534
0.8731672399667388
0.11228462365872595
-0.05140770315913053
0.9002972334614134
0.2218835770279135
-0.7504073671598088
0.4597903108070777
-0.8280532743765436
-0.11287315254652455
0.6708598514293999
-0.795312692095065
-0.5902445179972726
-0.2803421110360549
-0.917659117586168
-0.2156714794568324
0.9421986552199633
0.28756972910145256
0.15876283206395933
0.8461420174317812
0.15470117606549968
-0.6942317906095352
0.04280371499091782
-0.057168868960767234
-0.8205711521480086
0.9056104548529432
-0.6401212456094015
-0.036457561324426374
-0.08821398512004038
0.5430899694499516
0.7571207993848217
-0.3469011853443323
0.3295532190174729
0.5630471523962255
0.1395938747228319
-0.932794058998482
0.17982228057786787
-0.14758558739457095
-0.41912958576746373
0.5612612722706922
0.7659129213528071
0.22073281102541797
-0.31821339947180544
-0.18845893814316267
-0.38631822671291893
0.2111417069110941
-0.3123980846453133
-0.25018073498252924
0.8345626944922836
-0.49492621855839014
-0.6753643440777299
-0.04181413836304371
0.026143988686270027
-0.22968426431965785
-0.7584585596650032
0.6146544926939914
-0.36596278570212826
0.31788671648828
0.3334557856549281
-0.2169781183274799
0.5062173363591868
-0.07096792213604344
-0.29373637613907727
-0.7396476492485234