0.790777325712789
-0.8470150335736604
0.1352996285074153
0.566340688729619
0.8483600209958293
-0.38661666022332664
0.05764987429486116
0.006362228581645671
-0.5205283951352642
-0.486774811981865
0.9134375151630828
0.7121467734477873
-0.9916655464497032
0.553662655539566
0.4307797777952249
-0.8180071745168368
0.38916361886896067
-0.28211583889930536
-0.00869675315147603
-0.26434052768061217
0.9653494905498644
0.9740101184090633
-0.025910323443639496
0.6482271047724653
-0.6654129262263508
-0.8076636865422507
0.6079436703642063
-0.4187143652309411
0.5332626698018879
0.2468635861233419
0.44322391463873645
-0.018638388223132695
-0.3904347320546206
0.06879714708384749
-0.525375797766866
0.9840756952774654
0.9985299805311674
0.024460574498729796
0.9016592519887471
-0.7770838440568637
0.7944463592493153
-0.31677405022224836
-0.18066090412174055
-0.8824911454717604
-0.8477302295577696
-0.3159693747813736
-0.6797417244965834
0.20263741465195909
-0.07005614696659763
0.9853500816730474
0.40527197332605686
-0.794827797890997
-0.8588782649433641
0.39692225495750666
-0.5753452688507121
-0.5590342131392553
0.7970464740196382
-0.23465113134191223
-0.2423308345645095
0.35889697842714136
0.10204439254695659
0.8630311079453723
0.570943783303997
-0.5554351283288101
-0.4054128996838614
0.3613071297462763
-0.6603543092375781
0.21389728825735993
-0.5821517581149944
-0.5911144171362825
-0.3947988224389525
0.19958831429518847
0.7982636466311451
0.27027669724852843
-0.15532455031051012
0.17204797979276062
-0.44351201786008054
-0.5772723404860998
0.9276037584465263
-0.5197073373157385
0.6356505901526418
-0.8934521461017476
-0.31719955732271987
-0.24492601822387908
0.4742314385184638
0.6192098406249533
0.9923680268905359
-0.5050742090308767
0.6443252497063149
0.7473171844831245
0.8642543763977335
-0.006519515104867694
-0.026895897183718594
-0.6891213168944234
-0.2740211378235384
-0.8810694709385831
0.4817307923204617
-0.9082467669402595
0.20026189224149438
0.4444608632143084
0.022682955314176318
-0.31649770171331854
0.4223289990875559
-0.13857931134289103
-0.1845497516584938
-0.42200059356862174
0.9132247077249366
0.8535405131571792
0.06740158658359165
-0.4764502913028867
-0.8423701084440736
-0.8018352553580469
-0.3714940446687443
-0.17917037507728997
0.27912663917098496
-0.916676612246349
0.6699571729721487
0.5369220128834862
0.5987136466257897
-0.8723773936725167
0.6947336656175912
-0.2762981400089006
0.7333870114921965
0.6610977305501696
0.3120132214770522
0.5053967088239809
-0.007998358595380575
-0.9340993608767646
0.3595544459058837
-0.07982792588050967
-0.38753550451671226
0.4649659982308972
-0.9879191532619815
-0.1415852259474905
0.9516210073215725
-0.6121499791436674
-0.7244165007423079
0.019260244006967797
0.6344575879425972
0.4630091672437658
0.6909181485304575
-0.5892892382227486
0.14447468544275252
0.32124218570620283
0.4199520622449148
0.5497721518377189
-0.12286959515047703
-0.1804839786049996
-0.8189071139697738
0.9633859936557704
-0.9421645635283228
-0.39287812871504585
-0.42781894150470134
-0.928115291074787
0.2719624524914001
0.45302519859752605
0.17634459610997413
-0.1181350800456728
0.4233558019942391
0.5247703175641287
0.6361923097584612
-0.2647173975491824
0.46041664333995774
0.4763847838807724
-0.3387384030563903
0.8031484195512825
-0.6176297735090667
-0.024959010885650022
0.23176930836074625
-0.5173980984548532
0.916038966626705
0.13291493487049208
-0.38334407438353524
0.4988556501896052
0.28875646716561854
-0.6658524584885662
-0.7643411816328122
0.8688869394860084
0.31322137457781113
-0.3596966497103554
0.21045992127430416
0.037899479256719014
0.3531810581719317
-0.9140503966088832
0.6098151168903772
0.8555580096386688
-0.23337398143102125
0.19808391050693205
0.9275917481751448
0.924868026835817
-0.013794423789392682
0.22242453563093445
0.5154824574326399
0.5313105740647902
-0.31867015308715246
-0.7021020662904917
-0.6775612084304449
-0.6551959507457413
-0.8536020461815242
-0.8789674288698801
-0.5587265881652101
0.07350876697601655
-0.49354129404270775
0.4187555881790733
0.72904240490626
-0.3182587970392396
0.6619690815790726
0.1513652126114409
-0.07388453637125444
-0.15486161973245402
0.6570066655887457
0.33276311810223147
-0.6365572971621883
0.39703670931736984
0.1483712271466019
0.26737345798260537
0.4186940823514213
-0.7331083310435842
-0.5331829500346574
-0.9358769583021058
-0.689496910219942
-0.12258139906125928
-0.5202955549885827
-0.4260571846393184
0.5814855752032715
0.9006557263650903
-0.9439874928985981
-0.38960765048949836
0.09856336115431202
-0.515909285129137
-0.6849181616551734
-0.5170438211105975
-0.40795172599393853
-0.3352259311466223
0.431020788142648
0.6394695274685573
0.6418944312459145
-0.32820082348523477
0.6687568951638615
-0.3363237288417236
0.7690464106585027
0.1325471331075907
0.9137929246731457
-0.44382003629451416
0.12456944793565622
-0.2727300621268961
0.9712353752747777
-0.9182554081842483
-0.04577836516570186
0.9132260549617814
0.6978733170861933
-0.1527836134649544
-0.3268843826963199
-0.3555153570944189
-0.7661970192135
-0.6597570103314077
-0.3428176250457698
-0.4886839601528364
0.9858836859769438
-0.5505191386365048
0.6011848577988397
-0.3811613828073643
-0.7176020781689796
0.34601007592399063
-0.9787505300413442
0.7289835949063719
-0.29614225050056775
0.05140924595872032
0.543542633077635
-0.8536518965675217
-0.0029927974438615592
-0.3057684512225413
0.2032245423724651
-0.874157201480141
0.6128260344279248
-0.7468679663961656
-0.537517699591461
0.27291992918234226
-0.9298173602627195
-0.20803399580274287
0.8946107051186294
-0.26732049961918886
0.16527410371037837
-0.9653909685653934
0.5531722617597926
0.7433114301697177
-0.3249119989200314
-0.965245046426917
0.2851427033981387
0.611001038484059
0.7190942908998997
0.025833171994079893
0.4272766980630323
0.6376926113210389
-0.573926185242586
-0.37917752178923614
-0.28439532308579907
-0.3445313261290105
-0.0120182044484014
-0.9447159023606949
0.2350955733384327
0.10844533599766162
-0.23203872650425594
0.9757300610553773
0.6129061554081642
-0.5676600455042901
0.5347695061303535
0.1275988858582628
0.3857363452783713
0.8889295749795743
0.49837727617415567
0.1448681975731906
0.012281445157028255
0.2508255308573533
0.4115112320652037
-0.18398795068824486
0.09686211189606389
-0.7257498653574603
-0.041276193580832114
-0.10836100773216568
0.8286100008471723
-0.7727796386098861
0.027331694990065113
-0.19537457040432002
-0.7562037568417769
0.8278129265090197
-0.7267219235750203
-0.8824474321431397
-0.6943955481693549
0.8690643715011095
-0.7038341771981182
0.13522311101496584
0.1972001588035033
0.0010351333316534327
-0.29328817045394184
0.10948512917790931
-0.6010549484439428
0.13653567577163406
-0.3592872511053554
-0.4675058088895977
-0.15213975645549765
-0.6145541177089054
-0.12605627568878333
0.5003723810103257
0.27845723267122363
-0.3547142598564971
-0.6711478539544031
-0.5274197608222375
-0.765376423595091
-0.5067255861184402
0.5165607368599212
-0.1791638331657702
-0.9515430147164545
0.7646388724235115
0.7341907417988629
0.18943768876514908
0.11208398541766548
0.3327476405853139
-0.5858000432891748
0.8921276492316024
-0.4656651081134066
-0.44635937486391636
-0.6870567474588002
-0.22255147632906558
0.44198278038087696
-0.12591263124893415
0.36566517332756293
0.002794305394943388
0.5327565356874946
0.5873578268801444
0.9736085367176085
0.7874904588554311
0.8406994130738925
-0.6446249564105914
0.035225661361930984
0.07941769220092378
-0.4256197669582626
-0.6113071870090779
0.554443786880833
-0.4195771781292377
-0.745839453106213
-0.6291242693864166
-0.6627865001200512
0.21375107460929252
-0.477242419707419
0.5804822760158097
0.9738703806718617
-0.3121006962996409
-0.33199404084220674
-0.43839009664399875
0.16267266900900007
0.4599139406652458
0.8542060606576344
0.8176740508525995
0.6116313012911035
0.8087072360501623
0.48309784214653967
0.19628390836224807
0.9984763232824478
-0.4916911523395636
-0.33314224819559035
-0.7116547768492371
0.5653347063688952
-0.34554818974384655
-0.4470626813055708
0.4117835314795779
-0.7260821187279788
0.9315838441056851
0.9760548116291509
0.24890093394886942
0.679996544471162
0.9132988171737962
0.24735382055652513
0.24263284164730656
0.9032656298828257
-0.7731964094244986
0.40978477796907503
-0.6017476398202493
-0.33035406004403106
-0.21462160563628926
-0.3051048161882142
0.3291939410886576
0.22653491627726638
-0.12331050832587777
-0.17210114934276047
0.2629676049151489
0.7824051829263254
-0.5028012927073914
0.9315152384325932
-0.18323009236885202
0.9083896464964154
0.6257859129659987
-0.41552284597079986
-0.30219003218957413
0.07196573463110853
0.18722722659279117
0.9829813112434536
0.7841664447250094
-0.7509211634918227
0.0813397091381416
-0.6058344442021472
-0.3862238934078828
-0.16616339093093496
0.10199337297284146
-0.5330912697887537
0.07940031495335738
0.011300676560403154
0.06502383645741318
0.4792353869274191
0.35503936663356805
0.8022010738739209
0.36761259466545393
-0.9255055209152971
-0.006366670702547062
-0.045416282463980134
-0.1797712304918201
0.8426116785896733
-0.7383075023415825
-0.5377685190248562
-0.9722023366357814
0.4418286187981953
0.12951225750930176
0.5847444166908499
0.7251369500655918
-0.46990673274140543
0.8101959192766442
0.13632741464674206
-0.07928961694421768
0.35323176905880727
-0.779253963869219
0.6094606908660934
-0.557255079769672
0.9669003677812981
-0.25055583242168594
0.3941792262144996
-0.4797774944085458
-0.326663986034698
0.27796618392793404
-0.06413462007005087
-0.3507671809911057
0.8631203578456941
0.1424533350337412
0.5229859097147522
0.7742156127778487
-0.30785996201373705
-0.8505508553456889
-0.5733279392990142
-0.419775306908592
-0.4119696244374988
0.12129468258028399
-0.8533622576740295
-0.6126403528681442
0.9841986645174745
-0.3612858797653006
-0.8356427999414157
-0.99603346477218
0.9203687876398876
0.3200411126640164
0.8568376690527448
-0.9362464248761847
0.9872830829148244
-0.48419150153800866
0.40600572638208166
0.5644290186629366
0.7401813867568031
0.3151981362408252
-0.027944114399526654
0.9282194551770988
-0.4582682565094941
-0.39954692630783245
0.12936951663736743
-0.07987766990816764
-0.8273567840577492
-0.5042908464649919
0.8460509895942467
0.9993651397965656
-0.5823787021698136
-0.7846278943956077
-0.038999101875119235
-0.8084747202766507
-0.45928786125551274
-0.8444454886978396
-0.9644592383744254
-0.921385804122653
-0.7879436607095304
-0.8854968611613367
0.9247246581952977
-0.44423489047866377
-0.3296548353982884
-0.01023853049271779
0.633265827531129
0.23016211905354586
-0.5773337257121
-0.5567344676053432
-0.8842534515233588
-0.4246490104900784
-0.5971335789364822
-0.2661459569596913
0.41198302405187226
0.8336956381348649
0.04595714394973462
0.46739134466452226
-0.9165425076442313
0.15424810694118427
0.851409697911258
-0.7525952087445003
0.40494229862982273
0.34602880927252494
0.11261695247753696
-0.6789942995035477
-0.9478763122379814
-0.4862663986014532
0.1711009440673475
-0.9887739532631389
-0.8242724398852442
0.4633399334014753
0.09892512385851819
0.9249170449545094
0.5230555135432473
-0.594647015118289
0.6227211543102216
0.7842395565538254
-0.5344758067089989
-0.6663474725778888
0.6115222496790439
-0.1875929306061416
-0.8012362330449234
0.007781906492975593
0.9350524311510161
0.6476774053051245
0.08468378374485781
-0.9810101852419082
0.7029214910011978
-0.7371950211397112
-0.31581147857238867
-0.5932972919231244
-0.6658854897738747
-0.3182834868413195
0.39118095666704855
0.04776711182900618
0.9251915667219541
0.2960521080811909
-0.9429081826290983
-0.41551061410500656
-0.9157316619795067
-0.55217777336566
-0.14799592273216036
0.5174164259968183
-0.1506278295892679
-0.037600923353440105
0.8385738695612599
0.09531820883293214
0.6777224477451281
-0.07937295933419584
0.9610447158478668
0.794127907478194
0.6251669290299445
-0.7669780599588584
0.9329637428988856
0.60936923155996
-0.72710492588741
-0.5872011390755092
0.9508427491648043
0.4761165101402983
-0.7977703115345762
0.03926581366831635
0.47480619039851524
0.7140035366530851
-0.19092891940978246
-0.12952731337224574
0.48076066996201466
0.6452075802945935
-0.991353968818438
-0.017132948776407576
-0.2529825013136502
0.7713634902873309
-0.9745801974775536
-0.94508737665627
0.03617954927313546
0.18180403529170266
0.061715567441258806
-0.034733213159230426
0.5980069245438383
0.4533496700532318
0.6356314720307447
-0.8116012441274443
-0.18431991884781498
0.452965554659277
0.8514703682245318
0.8141528088703089
-0.4214892130584321
-0.21506977625895138
-0.8587870180487835
0.18435530493083085
0.6366726424899991
-0.5805736909912449
-0.9754522065137471
-0.20219755214208307
-0.5920440545372577
0.8588926134388315
0.9924675984306066
0.3660381267727989
-0.5510906457236077
-0.288108452174656
0.7832563569862627
0.2708776913688676
-0.5271125976164234
0.07657006846438498
-0.32967952406793505
-0.11981592271896008
-0.21039773842051424
-0.6570724889339522
0.7482236312826281
0.3919424034409839
0.3635288339336411
-0.8751922603298358
-0.07855794891935117
-0.7928688191248121
0.9998999240853389
0.4132602132393337
0.8376832504129627
-0.7057937643625447
0.7824634741653576
-0.17793191369862002
0.6726350899163669
0.8477635067330395
0.7160334418430854
-0.22424165710248437
-0.10627533966274838
0.7041114078875897
0.9613990039150819
0.05316487293394454
0.9905729252763513
-0.8815904630144211
0.6086279225938322
-0.35588450239691577
-0.44842456642999684
-0.4310611890367604
0.9031545305854107
-0.03225361785550088
-0.6875399630837836
-0.4855440210326435
-0.7919551619079356
-0.8665044025132802
-0.3927488092804338
-0.3105257022483109
-0.8070793513762338
-0.8218819799596696
-0.48752326599492657
0.17118854305720638
0.436898983596552
0.8727625188864536
-0.7830618278812237
-0.9760785190553681
-0.23873559105892492
0.8012203741129944
-0.4855910494470118
-0.0969467407893419
0.766902872162886
-0.1000384450789613
-0.4623699218667597
0.20603255606741672
0.37075432645230033
0.8724928590512481
-0.8222889234562042
-0.8193384880644371
0.5806499814134592
-0.20000215939272908
-0.7993425871101727
0.4317677522803569
0.24054353558038033
-0.914065457126976
-0.15243929994907524
0.5385059259707754
0.3196841876239813
-0.6640648304212176
-0.687707902563643
0.12511814924366735
-0.8666140530946035
0.0111591429696469
0.5262093034715057
-0.6710697962415291
0.22368039061085918
-0.10692437145300998
-0.3684409268241636
-0.47669793061117854
0.7534629663347711
-0.2595263636433305
-0.8036022511933588
-0.29037622005593033
-0.8543240040881551
-0.05860245204910823
-0.4094471704029537
-0.498859635380167
0.4270549160084786
-0.6852364072318288
-0.3616094436734691
-0.48140120336199943
0.11711880465148
0.577608449528524
0.1469044461306442
0.48187808960368206
-0.5143310461638128
-0.41170731854854553
0.38712208215843297
-0.22542312680923732
0.43648422674064496
0.8020406036651389
0.043954267275695486
-0.12336431736934697
-0.9166319085286708
0.5721084180687391
-0.4701362356573903
-0.561880451401466
-0.6124109952861523
-0.45835299614026576
0.5843084402984027
0.18502013890538882
-0.9961240313222189
0.7971017254857936
0.7105824128984186
0.14172812168278168
0.8590141221451699
-0.3240073502159367
-0.9447297403751624
0.7563546390149514
0.36633371308683843
0.07299172478239858
0.7232204291004782
0.2498986684627492
0.4289862460511275
0.8102722613679008
-0.5226290464945679
-0.5010780068670091
0.6863139909715333
-0.16791423905772002
-0.7555090808700472
0.765359699976854
0.5511994475094023
-0.06880452987757323
0.35944396896901787
-0.44976939725030646
0.7104268153632629
-0.9172033980180883
0.4627012606259083
0.2812923365677021
0.40020238479055703
-0.027431279295136137
0.9117612928642237
0.010631543444036325
-0.2516845326123707
-0.07721959859597965
0.47306913040819415
0.1855646818725632
0.40482639074470306
-0.625155864153446
0.10369730005326695
-0.8573391618012599
0.09969961836811524
0.4268329255547982
-0.6043581957129522
0.19458704627925127
0.7815849483550066
0.23931065870319107
0.8280276027934358
-0.38686005808902274
-0.17348624779976526
0.4580310356710429
0.9561159227290323
0.6700773142385689
-0.29703818432612095
0.13457635359630205
-0.7970290282139181
0.6995471056113395
-0.9842724575191655
0.4208843441436659
-0.6456418630052448
-0.08704609454465406
0.36920678453117584
-0.8216196337961014
-0.6601569023378961
-0.8025045530275627
0.08785541908631019
0.3306230444657157
0.8846646059735491
-0.38696999646051844
-0.7125037251103558
-0.8780311463168672
-0.44430437937310513
-0.9558999445385797
-0.22550763540967075
0.15246878154568538
0.878805101108573
0.9503817846595799
-0.6296625989226386
-0.817318436854506
-0.6317993275970605
0.9865953216946661
-0.715478182775766
0.5126895268763257
-0.47654286722705286
0.09218572379328827
0.2787073750749867
0.9384515360241251
0.4748016063311895
0.9355470870184371
0.9126250319517496
0.6073938964256818
0.15422968647231
0.6904281601842228
-0.5707353785361586
0.017111754600186723
0.7032742476793951
0.6529070319887106
-0.11003260645460418
0.3129094359541488
-0.9644289080955298
-0.2155507014220867
-0.8293589934671682
0.12565693610726564
-0.41630620722204703
-0.516289895219997
-0.2096936021997549
-0.8573010744432429
-0.9002491474222429
0.19963318374993255
-0.8892437011259435
0.966610744362655
0.9667845645817138
-0.2545044337493458
-0.015855769621086792
-0.5553078783491378
-0.060310312406527226
0.09442212271776179
0.7414228729309388
0.17447466759503916
0.4840395411136896
0.10896684858236134
0.3934076564133273
0.14229201804176286
-0.888917243369215
0.5263854171386864
0.9135579513012815
0.9078526259101297
0.5771693403091334
-0.7429749563537985
-0.5645605491228254
0.7329649495732694
0.0598143943850228
-0.4974718440591253
-0.6705460760813068
0.9436672831315955
-0.3449519858251627
-0.3107653686191648
0.7860547929115848
0.6529261627574576
0.9714109304157714
-0.9623112192315356
0.9578214224290154
0.1412279308677451
0.21377916699479158
-0.4028703807486952
0.17720071242133184
0.1231514365669568
0.3964400337160974
-0.9168340638084964
-0.9262501699947691
-0.5845115263566595
0.33516264914899635
-0.5577721715325262
0.4764334006910894
-0.9394619517636235
0.9495626156973445
-0.058039635066222506
-0.9080852303367247
0.7176499222509096
0.8911201810474009
-0.5891670084414092
-0.03841756800538507
-0.5881011476274672
-0.3779125129344765
-0.8510527538118146
0.5980635164502965
-0.9656086294505564
-0.6067955041357292
0.24848531147846417
0.9422253449359295
0.25380672974580337
-0.18391646773645726
0.8976792043904058
-0.5871093471207913
0.9823773226522243
-0.2552391653133864
-0.9754363142406739
-0.5345253795627776
0.5262391038987516
0.27086232449595443
-0.28068102262251793
0.8848147560767798
0.7542303551932382
0.1521938829278387
0.94595825119204
0.4912769788286367
-0.7100617368231519
0.22974856150537415
0.5716185170198116
-0.5657554674957944
-0.38979145129418624
-0.6720572745006028
0.9415191398064345
-0.3968236265521118
0.6101037094247406
0.24262345574023403
-0.8269192603709873
-0.9339323793709453
-0.5296048255766916
-0.4066520890696399
0.4086217092988207
0.6340173420376886
0.8450458611682149
-0.5320298547605617
-0.4211108414432086
0.7520824091098344
0.9861465570390447
0.11590873302638786
-0.8373337970536241
-0.0063423904689650515
-0.9258760241504517
-0.25200000761859026
-0.29419534299796957
0.6628741267420009
-0.2495835803660522
-0.75953449303517
-0.3710688805167007
-0.4581984382563496
-0.8273241612445008
0.40423439303045144
-0.4184818013792552
-0.9478259275223463
-0.9819495262365556
-0.9200786842139518
-0.9187197025964465
0.774822955846775
0.2655074398635982
0.454635012252288
0.6808866326572764
-0.1540434598471026
0.6544599010061407
-0.47026306429875725
-0.2407697447914771
-0.1609038958156496
-0.2858571557776004
-0.9306294090884887
0.017674837144093618
-0.8941925793517961
0.0899342467089159
0.16286660668176722
-0.7532561128294026
-0.37396288750796486
-0.4471658991533371