0.5481309380885553
0.42389304508949194
0.97139901220568
0.6626660163348498
0.34093294577371486
0.29263451681347236
0.7400556468253271
0.2679319999277071
0.46895940581769385
0.9268287553029148
0.2176308886806823
0.4505170705552847
0.9077132875321197
0.9993711139308562
0.8079380082094739
0.5266406539169497
0.6644886511393986
0.8682923392187673
0.7074496997686582
0.41785453361382735
0.05461025836765383
0.8259898222523869
0.007893193730423149
0.29048452871840297
0.029092895882080548
0.14475395448903813
0.7268818488131444
0.9993144479501695
1.0000091377374452
0.8736793634157998
0.24956803690822257
0.03132766685180328
0.40903462443798466
0.9838650096270549
0.8237704923317093
0.9766071021366199
0.9372954102994581
0.9700840817378973
0.7328813529185381
0.920960012922698
0.7377210136094002
0.8552237537825718
0.9635770570113654
0.31408999884363886
0.3880368512671277
0.31888361329756953
0.6588682097334037
0.5084764496020623
0.5043592927998245
0.18530892456628745
0.4184989762229564
0.11119741308005927
0.528802253273326
0.3090642593940322
0.5493309441698814
0.4795548051099936
0.28611764263492856
0.5596583276762768
0.13959613112328373
0.20349221449858013
0.8165630496065194
0.3671116346391397
0.32765363366036143
0.005879410398627651
0.07211195298275974
0.20556681174835323
0.1034779099678084
0.5563245972445269
0.9801832666774354
0.32016017633141053
0.9820876049519542
0.3473341637027027
0.9999390178286092
0.6922154700088965
0.5429396767937856
0.8175355711464092
0.24415371756003573
0.9280601479005742
0.34529969163127844
0.9921801787634802
0.7515464519421977
0.2920588530838007
0.8799612071366394
0.3599240774405626
0.6500464436113915
0.8649721410553054
0.5477012099438279
0.08768709759034803
0.33191647308147193
0.5944206056229097
0.4305499370233816
0.23266068800791365
0.33413576580664905
0.42749283749868866
0.8911973815025287
0.32098956658125277
0.5351728681082317
0.7627914783250069
0.6445125685970852
0.03434079061373769
0.4573171527644916
0.1705048555238531
0.023986091901533144
0.5284820616479217
0.4766390411469808
0.5195493294976724
0.7594880592086639
0.7658935671476534
0.8887611282043925
0.23628964127003477
0.03348090937977094
0.888614866640401
0.9743288629230252
0.8207655191569062
0.932465017705231
0.14495294027004918
0.9643051363859398
0.8530097234919879
0.0953716566861131
0.8582131111757579
0.9347843576290558
0.9991314525867806
0.26853214089728333
0.5941297848216915
0.617496487453556
0.06800592751326447
0.9879537710654007
0.7408208771428603
0.16980766971796868
0.987523359962085
0.8834779443037337
0.8886112734816644
0.9955652991486887
0.7228863267022629
0.6787782199903777
0.9685965862551501
0.18698773688156295
0.8822068360076492
0.21437740520738252
0.3762957346577902
0.41921225056826533
0.5295759717613415
0.8099306124687723
0.015762848307689585
0.6035087419606672
0.5382032224770726
0.6160525621006779
0.14286406133174706
0.887756374410777
0.2759340433139795
0.4116699874542923
1.0001057974009786
0.7074690995187156
0.1920577262225202
0.5946331430936522
0.07422519941660341
0.709067728467196
0.09579953757441519
0.5355228725610636
0.7624156289533393
0.20207925521669617
0.6137688488373205
0.14550749276324615
0.9060360444617275
0.46699643377530253
0.6183043287815866
0.03451484069258316
0.9958228916517787
0.28873648702414845
0.9086941662448925
0.3213390092890655
0.9968991224864897
0.6132610564457084
0.9543533832406645
0.06739718326419812
0.5750580203592495
0.6448323547937928
0.918551443404881
0.2746796194085573
0.5645438082094338
0.9691131284412372
0.5039478325258347
0.9908887404729326
0.6493902124242824
0.26088430774788846
0.7628892965597146
0.7980242247792259
0.707224954207055
0.3691594957791969
0.9839066675902286
0.624654918551062
0.4894582019990806
0.924386532781751
0.9809564022447043
0.8632237037228482
0.9547470289401719
0.44239261276626224
0.9112692740502849
0.2660812631813598
0.0016844535868349726
0.9543131089729843
0.07383519538000817
0.7235489359761428
0.20255776782486254
0.32171784207071513
0.7865938127925212
0.33770776367324523
0.8639701786990457
0.6664009581020706
0.72864355062081
0.6082014676644373
0.5262737774908451
0.4744218799042757
0.9531613858272976
0.5069590842493242
0.9779991413868409
0.20957748531985831
0.2679187655266751
0.8598780448728289
0.36373336893309904
0.9410639572257353
0.025517729764886428
0.5137829229643988
0.7813631621342434
0.9606412422596124
0.617976667692638
0.7179535157771898
0.5844819738117525
0.9470769900637515
0.9098477081077805
0.3829901622776272
0.9748882746434825
0.6514990364913638
0.4205189602309541
0.06818457049312333
0.6431767697414345
0.07196852000062605
0.9907094297904676
0.26844020988466644
0.1708852749588509
0.28699497005269664
0.7058510518078249
0.4230367926706626
0.5379578022939169
0.5964149885490843
0.8420612537065406
0.31944754595553587
0.4729432458501454
0.8841898170675784
0.5825306655707274
0.6843181723012001
0.6000608643695196
0.83138905596942
0.2533601151704345
0.7633406779614428
0.8974131232492268
0.4332606882748558
0.9945495394392131
0.8886898306164345
0.9398934398894623
0.8777583841212822
0.0020986133495754767
0.5786302854848505
0.9980202449004403
0.9371038197702269
0.5279723037383459
0.47708339271614403
0.022918228228430048
0.9968132093934456
0.23270482306920598
0.9312310837203974
0.5496031842743807
0.10661554567789157
0.9697550854363753
0.9203997100840402
0.2513860814706528
0.7718890225102736
0.8498614057517937
0.2523358295267597
0.9159187533869547
0.9743638550805398
0.8737691966413914
0.8445364720324586
0.9540676589320467
0.9872814126003927
0.8987493678754024
0.4785966722509338
0.6373843230723485
0.4478732150302008
0.1507521959589963
0.189899782886831
0.6562950474673971
0.9346422364987131
0.7809628133113923
0.9561067246005257
0.9465068364829099
0.5580913435415803
0.24380610020641716
0.9445268428970575
0.17346117244683903
0.9825161255224626
0.958237297193923
0.6557405336140658
0.8947539235585645
0.7915865408247653
0.7395868386073928
0.6564347526918491
0.9728983056071969
0.14350760316006778
0.6019971787694262
0.7869630756128158
0.6129308292533434
0.5768216607587844
0.25346142514953535
0.794676900614889
0.5643184266395969
0.9300289520809185
0.6150237783371394
0.8595197497506689
0.8588896175123073
0.8055611079157062
0.4002269416979797
0.7501105960503934
0.7270737990726864
0.6924612241979957
0.34996540133521226
0.09153273512205397
0.41650130729217716
0.14067145260051855
0.8870259581709341
0.7879546211110144
0.9439439530452233
0.20529499697343473
0.7201022824870393
0.6464291032922038
0.7922625622232928
0.9251940831334016
0.4441411371119247
0.9997187878717424
0.44302735363973855
0.5390215820788656
0.9668362199799506
0.7036983933267071
0.9358327119582762
0.5591181286042969
0.8842808435164444
0.5143252293427789
0.011341502785447452
0.9325259956609917
0.09032827877641601
0.5616216944294946
0.599355259752751
0.3834461164521831
0.25476272507156755
0.7128783168523446
0.8595680641861974
0.8402081058736974
0.17013636883778283
0.9016768226654854
0.5479601476290474
0.5289090586226017
0.01263657105011919
0.7883822234270177
0.48583807853140415
0.003413357236388932
0.4822035106877412
0.5664929444327528
0.9999975335776858
0.989639151663263
0.8674834337810756
0.3094295056598214
0.9999996534747639
0.9586812431237931
0.7015981121479945
0.4289567955770565
0.5071338577716257
0.23159225292884528
0.14037849035841252
0.23609321183783188
0.5661833671977292
0.7141257520754529
0.19325070287809154
0.7756270214860662
0.5267887898201914
0.09300210959795306
0.989659579205684
0.5038028756712953
0.30857137056523765
0.6994582589368682
0.9932016312669752
0.8118731512593456
0.12258067369580541
0.4641584948491381
0.9851319504022354
0.05669473606772237
0.9990503149579506
0.1627086028564994
0.23099545282936093
0.11308087441969523
0.9048617912306423
0.9998099045197119
0.7472211176561835
0.01417088437000192
0.6881699353097401
0.631956024854253
0.9658059994262727
0.9719044057711428
0.5007343737181623
0.17512036616947407
0.3792689328063351
0.6839113990966268
0.5942771739033106
0.9914288703554798
0.6117551705491202
0.06563447034036754
0.9400404430138066
0.25489475863661964
0.8803392294798912
0.8640761072671221
0.8236311164005881
0.962497710550316
0.7125801158899548
0.8631567347788387
0.07402873804160272
0.39356474862725543
0.3573208373052554
0.7897774761709597
0.26939168969482263
0.7747162889407463
0.0646417994535549
0.7200735763698225
0.12230711222815276
0.9996982824570352
0.5048639152063039
0.9379015940676967
0.4870088368571274
0.9560287599095223
0.8401138679358716
0.7247252151423756
0.9335745079685169
0.2789119457060773
0.7952111761766851
0.4071669678543194
0.2212229964994246
0.7629439483037821
0.9440585603305459
0.8967480917109371
0.281034771794035
0.21214711687790858
0.6750401419921207
0.8485224548265063
0.11209903524699681
0.8995276366796746
0.9650280291501826
0.5749531227782315
0.9964422026808113
0.9349472730111895
0.39568892144314494
0.8975266332942023
0.9957260154789324
0.7097563440486163
0.7966855816679912
0.033892197977023225
0.15572764500745137
0.30430203700487846
0.9692636217333362
0.05717293354411982
0.7332390869182269
0.5418483522354981
0.9344258319593276
0.8079563113915207
0.9399246923796781
0.5033471085277348
0.9846708646679327
0.8624835329289051
0.9306911699183558
0.7907933614775027
0.8934788337193652
0.805581814963492
0.4956324193355479
0.7301877984932085
0.5717621524305515
0.28926745108489227
0.9861686411571977
0.5790923275036001
0.2189455189688083
0.6379700951397269
0.6344108338715103
0.8163991023964577
0.3393642573536277
0.6421828585577889
0.7624234706218211
0.20558987352765204
0.9171794370803222
0.9926132739607215
0.5876081867924466
0.9717255976351113
0.9577119874551521
0.03635947706463766
0.2742887029973842
0.4275921528298059
0.8445988477063077
0.510590349576208
0.35022101848221643
1.0000739048234226
0.9904238237852079
0.7074775506272936
0.874354925462742
0.5631855646628956
0.5129213006417694
0.15459382103967692
0.4447689208802552
0.9647006183649265
0.13131432733081103
0.4454522499128359
0.7399022127957944
0.10635328404691566
0.8751158119620293
0.7550930939491395
0.3404931590410276
0.5183681224814849
0.2644145147433422
0.8949369532276966
0.986020315437011
0.8883226597499578
0.9519564241318997
0.5118742048369059
0.9825165697802046
0.6716668686397568
0.542955780629123
0.9459403952565129
0.0046783610962882255
0.9899843697100198
0.7040138776520551
0.04077734770652921
0.8480198230138184
0.8249235874156136
0.9811444046280572
0.13136888585918324
0.18208794816123275
0.9191660500651903
0.9138512476039994
0.7385822296931673
0.14224718433907002
0.29308516340292273
0.701976228251774
0.11117957606603962
0.28354532639743785
0.8318284658771725
0.9988158003647107
0.9931901201437578
1.000058465606573
0.2868193119236727
0.2318024966642964
0.8895894568510172
0.5637609776056666
0.9128151474570154
0.9425115752445067
0.0528796507311762
0.8660627989612084
0.32522322228882256
0.44633909923993315
0.6238770321966278
0.022576068453968208
0.3476533220880127
0.3680044096573784
0.9749348111890793
0.8995791253009288
0.9940694354057605
0.9139148953698548
0.6331090897405637
0.7767624082525171
0.9424240968510756
0.8649876479684316
0.9688554986369902
0.9573812899012271
0.46528812960163723
0.12309287414549155
0.3839145069994473
0.5082246787323157
0.926501188881737
0.4923598718859017
0.9697226315333932
0.7582727004922329
0.9963572086744719
0.33441111529614115
0.9906437930474806
0.38440772789221633
0.9893552233539086
0.0746548343344332
0.7561152793846461
0.8069579673217313
0.7014004248046828
0.958686563845483
0.4659659009824121
0.45837297473379296
0.6316243629518845
0.416696503749771
0.5290286590419151
0.0265151092299355
0.47888213574452215
0.05334545945402759
0.9985174298575998
0.20069871435091127
0.9637344430788114
0.9988411351806442
0.8268348957591767
0.2338154616092707
0.2689072930609165
0.703594385980912
0.9929845374165525
0.951737510976901
0.38655183392445097
0.9876020250186204
0.7563394547504957
0.5713104999116588
0.851343832740165
0.9788774695581645
0.17363224121095208
0.9963559703992264
0.7776702239579144
0.8556090473620602
0.9508705203763459
0.951998379212928
0.9828424605219922
0.8149160642313968
0.2999657818860989
0.8433790470844177
0.8834096393438031
0.2675169041838174
0.9957030362711123
0.999263605660616
0.8890293082988868
0.8809143049401974
0.5524763985036732
0.8891356831838516
0.2156624751987919
0.6127820877443428
0.9798951946878409
0.055030436628274663
0.6249217161502342
0.6647457625075736
0.9900832046622542
0.8710478916464893
0.3553852690927598
0.983556026474613
0.7588010364282768
0.09616555523952758
0.8983534039047056
0.642727241498071
0.916982983048515
0.8060591117394117
0.7348397239843965
0.999019400563056
0.9616568331431533
0.9450136182663084
0.9835604891663599
0.6909661936289371
0.5812768970728567
0.1528593123115519
0.6055904915203212
0.9827199579407075
0.6366938337241909
0.7136537106793941
0.9025227935680813
0.5783031346688198
0.6531180986337508
0.43556325887768843
0.007468709991523884
0.8108230845165241
0.15646903361392964
0.43907644176309907
0.9407791179704165
0.1461743725209952
0.8885046071907716
0.9651810004077033
0.920526548540227
0.9795970081362882
0.371352023096839
0.8306288241430971
0.42224499674303384
0.2307882978527583
0.5859925879960388
0.28641564810880765
0.039335280482417335
0.9295349156456878
0.7850387762673112
0.2904736963351036
0.8454797753298671
0.5957387499687519
0.14831381670464427
0.9681035265206132
0.9055687805550513
0.624943124888906
0.23287601525642673
0.5855442117789662
0.9806005676863886
0.9679650610194014
0.5251769776843815
0.20373070167574053
0.930773200046687
0.9066711209631102
0.990817732069955
0.816197531965238
0.27729877684224996
0.5230804489973275
0.9192535547250169
0.6652602547342007
0.8426886218159877
0.7432118523663412
0.9956769693241668
0.4075682023291064
0.35904790323296926
0.45543610978391236
0.9077101471715293
0.9905755501259317
0.9387271766391327
0.9997344396563077
0.4561746425416381
0.7962153882859747
0.07050044518908082
0.1734147176574854
0.8975364277295175
0.7022343425346493
0.011326088419260494
0.25339204800555504
0.8855679240446208
0.16307958275354711
0.059909076584610525
0.6248358321956738
0.6541470193731195
0.20150239055116798
0.3797234479415115
0.5166950777278262
0.5773669785987952
0.24712146152795803
0.8823916631829672
0.150962865150177
0.3524394385164939
0.2726405325377122
0.6250771601359749
0.4640389905420662
0.5131578700139429
0.46512193430893484
0.4737969937991417
0.9993494208350119
0.31377638015884896
0.9933733105917845
0.9134060093887374
0.23477258494234313
0.9928753049796972
0.9947270856171625
0.7802783785355988
0.3423174932565688
0.975980497625465
0.42225874112938444
0.9630489847139583
0.5448849454706529
0.9872559555063561
0.13195759755842737
0.9998193287177211
0.4163286391104367
0.7185694135555016
0.9251139301752618
0.9838629580229856
0.09682833391580548
0.8892029950924666
0.5734747650906046
0.48159337311576655
0.004089607185395104
0.9993575726956164
0.8859404558440985
0.5847928976617205
0.012952068182426212
0.7947129481085935
0.9410287256806273
0.12223619567685899
0.35449067599682726
0.8149740313608012
0.8919262042594965
0.2940800885087985
0.11795497769452708
0.41469612120492017
0.5083771970390668
0.2738496860147822
0.9872820252641653
0.712356701440607
0.32894916429451154
0.851878636228929
0.8870206341363995
0.7333292627375677
0.3361095882234083
0.6500978589974434
0.7377619619834361
0.7468931126231895
0.5638004210393557
0.9582543356198135
0.20121723965959676
0.6376494615010232
0.5757431299156511
0.5056484650459165
0.1218328960384671
0.8654766143794433
0.9503746653574884
0.9982351440523383
0.25153249535536043
0.45213594226647935
0.5431808606938863
0.57417076747691
0.6961819457870332
0.5139969385260261
0.9910242494672649
0.41445197632495523
0.13879629748386696
0.6255092250693202
0.9715826521181455
0.18898297741910702
0.28994831906919
0.20228722027036802
0.29644096174729534
0.6242538147233581
0.30670023204994845
0.03023983881187422
0.9933092820744313
0.8204176914550305
0.710585818118593
0.7944195682821155
0.6171969968026918
0.021983449951368094
0.23586300155397455
0.9945874315294768
0.8776304304275053
0.3028410315784086
0.3785621958984356
0.14573345046310773
0.21465757465701243
0.08613919691154241
0.7571659363485826
0.5441122324898877
0.984824404562605
0.5049525798173919
0.4861750412457455
0.3292722180581404
0.9184535904010825
0.9719016696172927
0.5303600260825146
0.5346396914121243
0.28489978015379863
0.2623456588815609
0.9091741321917438
0.8539379744440024
0.9461925792159647
0.5470396091218935
0.3292276434714383
0.96558732868368
0.45547881026153125
0.992597889018037
0.8587623441688049
0.9297371673871517
0.9800303457065151
0.3524700574200969
0.42386498143078255
0.31369184887245677
0.17871310986485725
0.9377143390223477
0.9947459619885722
0.37389582267572624
0.6008551391709446
0.23110991825359642
0.11537592571135712
0.005947644803526871
0.5408019233292368
0.906924397577254
0.5463229789329682
0.7312209350213305
0.5900060819467327
0.4161522619230841
0.8823825128071864
0.13019134315992015
0.45504562360533574
0.6520593333727142
0.7721538465251148
0.9962001284330677
0.10370836953237243
0.9457695164316217
0.9854670457095281
0.965422388942729
0.9992306831871618
0.8419861616584596
0.8346360991118343
0.53687577283384
0.8315471198871677
0.32643197613054353
0.6410306762454414
0.9702836482834821
0.97523148796262
0.9257230983886399
0.5986823440148824
0.2283134995879541
0.27160286528299593
0.852772206919882
0.1887204277747364
0.8281327184226435
0.17977434228504532
0.5849131025755574
0.7721421349936266
0.7661715868781834
0.20654552354296943
0.9926746271171449
0.6068841352234465
0.9998299532151781
0.11215128061463923
0.9902583818203191
0.5420133477029798
0.24634430951142802
0.9590222228234564
0.8942147189737801
0.6374412423741778
0.8683231972566103
0.9516471147780855
0.8718967871446756
0.3549815479910746
0.748359774171557
0.4011898928148431
0.8075744194756189
0.7623164074310762
0.7580399549786793
0.8763970573000172
0.11424379347831647
0.07844355623703711
0.1324710017831721
0.8413447524588227
0.9664716321508611
0.8528561588876463
0.5866407971022507
0.726121091378317
0.9717732895247223
0.7941900810451001
0.07742328078113542
0.7389714351869155
0.3299762155269237
0.31443148338514565
0.8461864785217047
0.6386767917696958
0.8308503053565348
0.6941447985138488
0.760134295808066
0.8224178832572736
0.8419801941365201
0.3602308195027223
0.9628544333473847
0.9879699588425088
0.9850880701375558
0.3223307401367765
0.05857874995124786
0.31203236040641785
0.8677401145696634
0.33688380473907215
0.6898910536773895
0.9668922202143364
0.9524276586438889
0.17131182800064518
0.9619482144861172
0.2718383647938146
0.9956741472589258
0.26417321094502194
0.393669527802201
0.03226822857815728
0.6994322616493124
0.8743055174698744
0.2644250726893544
0.6412043730182332
0.11631096083186011
0.4642317643779946
0.6048702165535172
0.7622596078743824
0.997241225393093
0.8056972241830984
0.6416418906910447
0.48551723252165224
0.8560218082449147
0.07532303169184186
0.26322104969783383
0.9994917128978296
0.44949623815470063
0.7640841372086415
0.9999100438523327
0.14295597254623105
0.45893884303026344
0.1369979108541454
0.6187125422780948
0.28133136758643773
0.9997838875932583
0.8660438971729985
0.9462377636238605
0.973462920341202
0.8435283086009283
0.3221610191542264
0.9240245058258052
0.9680154414863292