0.9881299149659328
0.03608674475630169
0.6387750182984019
0.050993588278260386
0.12781788563557533
0.8870752642737826
0.9204398225118332
0.9429793296426451
0.32638577521699397
0.6585718971444943
0.27146991486697997
0.9469593072416079
0.7831535055359219
0.476095325750042
0.183978355258239
0.7158553894777545
0.056848761102659275
0.8322379445596149
0.20705859172513807
0.037096557718307784
0.6513771407984512
0.1535180460497888
0.4128564254607185
0.6067007111424978
0.411900716545745
0.8106786141168875
0.5037879913497595
0.4841208185758122
0.4969304234275516
0.18491719310092752
0.11252869264056908
0.5415512821287742
0.8195032783869731
0.3762596433850106
0.134371644079003
0.35932973037417515
0.7421864970589482
0.6695201579884146
0.05824735754009661
0.742534607473508
0.6004625129513198
0.8466801982871665
0.31494627213996684
0.0936382753956634
0.8841620621582936
0.9599540477361134
0.17810153417571112
0.0000457787242755697
0.18427602230256776
0.8595940078891215
0.0328922798087712
0.2194536603801394
0.29841845691259855
0.8662754992684503
0.8111891244257695
0.3284864147139903
0.0903423683886383
0.01950757542087026
0.8067163753817432
0.5875890397366308
0.2921597980331262
0.18578457171216842
0.966737103303445
0.4227858027707044
0.5216036506635159
0.8609448499475743
0.4921997503279019
0.4584654250492209
0.5212757905539025
0.9654845765287259
0.6038357048139366
0.7606178383530093
0.49941652721536484
0.7867766697934891
0.2199011093662602
0.8260633597353698
0.923598549415852
0.25085096991682526
0.3920688151061511
0.5791569802048645
0.18471826956421142
0.4031240713458543
0.8147656685490121
0.02864814956195568
0.8372971697299988
0.3560774277924915
0.9486432723049583
0.2962368345621621
0.4681273162354322
0.012269959646038709
0.9840344497438023
0.8163916069903323
0.950300957297585
0.8446038042128611
0.7711635352874251
0.26734270483612765
0.12965531135297018
0.725441136962143
0.08539217327036651
0.44688227659864677
0.9875398111080879
0.7924485664636439
0.46272131668719757
0.7428685595488482
0.08973720952006306
0.8649880814664003
0.8818591181126976
0.8787762050329405
0.33228430694881217
0.47056728062131786
0.3630193693925488
0.5997668511722424
0.409840204784625
0.810964710489729
0.2555916467880345
0.3086701460106425
0.5688793310550535
0.55917373882911
0.6339098418113016
0.1963265599737424
0.735155757836002
0.47269673904386056
0.7068562118326694
0.9168481328668096
0.4191508940076854
0.43118219907824235
0.3948766231327253
0.2706289765051953
0.7690836005127033
0.5403425981804159
0.3562160969083488
0.3169477744834511
0.44254926818663415
0.9384124249168881
0.504963026920983
0.34116994620208
0.6309326346094476
0.3305665984799931
0.7007677935747898
0.26383899457040294
0.10467331186159058
0.0012661242642580137
0.3154766876348444
0.4893202028504953
0.8426624486358255
0.17665135598336207
0.8031980124804288
0.20951422527286956
0.7786277739006426
0.7973727377045601
0.015202828853995346
0.49957596735037446
0.9531040454202317
0.24350734433881674
0.20998531501904708
0.29653611714221595
0.1297344522748845
0.5751772364815699
0.7918313735696891
0.9078906671598402
0.2509419890034208
0.013776155994573512
0.7811913995360596
0.39856111945072126
0.609762193718676
0.9576718000981386
0.6082751589606511
0.523709374163377
0.11807779820344382
0.43083398168384873
0.9527269471397504
0.5352819557467483
0.19613411341607476
0.4113222319384108
0.7469006328355083
0.012680412203039271
0.14045605572459668
0.7623092422334509
0.8552474443582898
0.013246188754449408
0.4252433361751064
0.3380016615339402
0.4340352357488467
0.2045101250954426
0.9137937327714807
0.10565561693910763
0.2073255852366449
0.05053977947160191
0.03135437264950312
0.5887091242110819
0.9751059296050842
0.39494762530266064
0.5141119618315223
0.5181807497961564
0.590810386701789
0.34046520969459615
0.11298054802559704
0.363806472145098
0.29871009036249163
0.48437999244410285
0.40328458365610775
0.5433555939111119
0.8639891121443924
0.7638051896062478
0.5172008800087003
0.8099359166296789
0.7882497423961716
0.6367771084241988
0.9674496018772247
0.5280794873464844
0.08470356388331764
0.003698433630997797
0.6891044287656929
0.6849772387150888
0.0010886639911467286
0.6443317467615585
0.14383184885435132
0.7316552655333297
0.48868661435931415
0.25407129185121463
0.2651146299456669
0.5664426203398348
0.10811775239981476
0.22798765439650495
0.46010239455974083
0.02156107479772623
0.3392242771579083
0.09196527899039383
0.27989408956314243
0.4926193022728765
0.42313541869390253
0.3511695615153932
0.7095929033142934
0.010297962994643948
0.7192317477670805
0.8079749718030412
0.2537242468686442
0.5637844756278066
0.9389493019062527
0.8214921763782508
0.7271062914435367
0.3408681902277807
0.9259588269968105
0.1615489581614242
0.6753125391649348
0.14665002762708396
0.5270648942673591
0.002321221928782404
0.47407104317106114
0.33485356216086487
0.7766624435099443
0.138527180173209
0.3380143548124632
0.10777347543972843
0.9003911897137128
0.2489188214869824
0.9919334534875688
0.44158645220916193
0.36980812918192674
0.40390546734125515
0.7878680507742407
0.5324019524338826
0.9733100772987966
0.4595812139919859
0.7311864585149431
0.974834297538328
0.9652579114761594
0.3737655872445103
0.5081884284073013
0.08318422303628262
0.6054764905645407
0.013194244008065958
0.4696443804693476
0.3965244471634169
0.22955784241898983
0.8269277240586504
0.1629197038643046
0.7978681231759759
0.7359478932316238
0.24555795157504878
0.4449183202232865
0.34063035028561917
0.7603315401927054
0.3441886097066434
0.5958371501320862
0.2157334052049638
0.2079605973657039
0.1641480873035411
0.45937209574479104
0.4968423673214261
0.7806069258132191
0.4776860398574647
0.3960222690392147
0.6358056367080045
0.42392876686838693
0.6004139056610883
0.8598887998329168
0.928406871341597
0.5772843267203492
0.19280618198850533
0.6206369628930724
0.6900678204936536
0.35696239925990836
0.2043766372258548
0.9051453272485488
0.8895671268062223
0.9189549979774706
0.6369226647581907
0.2187119610563709
0.4432783907893292
0.537778163913882
0.985553540771926
0.8853504152520008
0.32170949762003476
0.3829327212585266
0.9703809070180615
0.6393359569620127
0.9677306321356097
0.795425261371114
0.8364189739098238
0.850232995785642
0.517682043930873
0.2497767069844728
0.06749704302551235
0.9608573691280312
0.023177304930933063
0.5708219704909957
0.6915026980790485
0.23697620532490535
0.4363792836367876
0.4120866772449611
0.2712096016721043
0.3427654673133481
0.9298243173588611
0.8517006549049206
0.4988118641689853
0.6459129622457517
0.48926531379462884
0.4863756872120233
0.7991520228938079
0.13386306732881328
0.3976874014715609
0.08261143347495312
0.7260738815771233
0.16012011098643839
0.24944338187955126
0.288533836061515
0.48454654423783516
0.25738447865427255
0.21384316262150269
0.24617474897027217
0.15414132870263406
0.02782368205746304
0.2969889363001211
0.8862077883338362
0.7038263547100133
0.7942917025798847
0.3233488740235254
0.6389721053699801
0.19314529532486324
0.5346113919228805
0.49185048601938863
0.18131438956410045
0.6458527362081409
0.44805100182092816
0.6744043225056879
0.5955396264592153
0.4972567632839175
0.465420071462745
0.18993601282169406
0.1544001319047845
0.4952857446829811
0.306424355440495
0.23010014755138497
0.11292480597474391
0.05455960878022686
0.8135430674009503
0.6625812273338818
0.8681578260729166
0.3957247959794834
0.8256214535090741
0.12877746148336808
0.2890039480471743
0.913524126360092
0.5664825822133034
0.5992899791489485
0.6996939277688968
0.7741244936484735
0.7928424993531283
0.5253023274491063
0.807395526132634
0.20786360629445585
0.05043550914555796
0.6172537139271455
0.32069963476003954
0.5309234121974984
0.5171236668198035
0.0791592881659015
0.20334212715652297
0.666135315187267
0.5131011521212375
0.8862448502115226
0.5873357474374554
0.2966442629432054
0.7243309893035125
0.32592902942468543
0.6409471443184459
0.6536341781767518
0.5219741542212704
0.9794336132346273
0.15100684201419973
0.9622459090283638
0.446435125663181
0.8506758039793054
0.2773052130582339
0.6262747265538853
0.08828005539133518
0.7355899969750959
0.20865463493975853
0.1487749715818541
0.5333903764043757
0.8404338017789089
0.7420983911508607
0.2737200152897785
0.8800401053314518
0.15578770362302918
0.09587001892400662
0.4862552530649176
0.10220024630899714
0.2914994250247487
0.7745065767985977
0.4323944375320688
0.4875265530081626
0.1810424781207624
0.34394551855589944
0.08571095979148907
0.6058884871139676
0.8644807572519693
0.8623156340774776
0.7195628610532937
0.9078302893300619
0.6261315083260128
0.016962397097173728
0.17705271472187323
0.25862964998213234
0.7176728650152924
0.7188033304964626
0.9482068523520344
0.4961531035748908
0.03532085380736134
0.6395455392803933
0.2612674842457851
0.5543775466662582
0.31636304769286633
0.015165045067663212
0.5533970890709307
0.2611369078560805
0.06653278365451698
0.6744377996417564
0.43475112205177247
0.9318690294229263
0.09947151239878711
0.3338558060759624
0.5372019567979196
0.14990916838532592
0.32939308506168696
0.49910110105506217
0.15132855053064861
0.4665301711249427
0.6718930771507035
0.732684657153641
0.32743036976250367
0.7972542855669399
0.3784947769889009
0.26383308571916136
0.7128044380003167
0.5418840360316037
0.7775825542811529
0.4236308663947957
0.01978872267006406
0.5932664744547327
0.014354599062908804
0.0486728056703459
0.40259523700586825
0.05957579447042875
0.12502223069812107
0.13170959100069946
0.05601850955756612
0.8246666242171081
0.7908459394327803
0.8854767339266244
0.7026406741280082
0.15292322801875688
0.3251278666463974
0.4565833154571881
0.14336951066348352
0.5336542592126314
0.6747709917880682
0.6849663965501013
0.6917389061769295
0.4167515592532385
0.23655726474100539
0.9934484323184214
0.4721296332412578
0.5015051648673768
0.5229178664656671
0.3287019283128251
0.8023137274338504
0.013267617889276247
0.7021421448330208
0.7936260027167014
0.9902291412731704
0.3314920742235891
0.2633645901048211
0.7881524809614986
0.06951068094723571
0.2515531087186015
0.2644215491595619
0.44397019523329134
0.9733246181294448
0.1682143988502131
0.07412924524036292
0.6645495987159208
0.6018989597951248
0.8127153729416103
0.28660264656255274
0.30980742156445135
0.39070522921370576
0.9433091855125695
0.19697716652475986
0.32278683540624376
0.4334172435808028
0.5998184068593878
0.26343447354284516
0.3025951636821571
0.858123541195294
0.1269817124311589
0.36583398655047544
0.16715628835165122
0.8857592905075276
0.573692531642034
0.3674794224276472
0.14815401781858092
0.47798685574914906
0.6390352087768251
0.06508429036138255
0.3510386702751909
0.9432657993033857
0.6682753394473343
0.4669092195886955
0.4187677207900292
0.5007443213645623
0.8893984459837094
0.10817347352481631
0.20755947132769423
0.029779757995805706
0.7461697027149521
0.45119637134260304
0.7231653835680303
0.2229821201842611
0.8921290094911207
0.9540122677443078
0.7315256255359466
0.4886534495727667
0.9735102428208564
0.026797883751273937
0.6565220523033806
0.6732783102787314
0.5417208375126249
0.28982442942139314
0.2519008908832323
0.9017304739313396
0.5564035300696007
0.1656279976718711
0.6566906781287949
0.6792564949778055
0.4631664431490176
0.6120117131509074
0.23581326890139126
0.012751586804586488
0.4467476168173958
0.4938452452492562
0.6697411160071332
0.8474810130384737
0.5321361507015723
0.6489866191131739
0.41754909859277994
0.23314700891589063
0.46386562867125275
0.33171036172778945
0.19025158283337756
0.13338606460828464
0.08711059513470551
0.32925640931334177
0.03030263484772836
0.014703385139294565
0.19843953863510708
0.43964939166849154
0.004276723757281975
0.3452429612028141
0.9569470868758625
0.2979753369289779
0.5216272812076859
0.9002831829505047
0.33359675535898325
0.47403409013150655
0.5166171089628693
0.19592051504240324
0.9120706412757584
0.36716642024344404
0.459079330718503
0.7138172022144447
0.9195584250850012
0.4184300921080853
0.2900963583466859
0.7689842956478057
0.14912895371388887
0.37166015369552496
0.2146835690569465
0.4727263591096114
0.25906198520634144
0.16879988364120305
0.34766932337441014
0.7085667275984289
0.5872218416379108
0.2709731541120325
0.052032208414553166
0.14062829971381335
0.2336063951130594
0.3790664083293343
0.5396295064119555
0.5228242405272887
0.2842612725457942
0.6587122683173848
0.042090884969124005
0.8105077152644882
0.7608914026816053
0.1520303628020677
0.6038357853325216
0.2821553363884411
0.9765909626529887
0.29169432860018274
0.4891795109673973
0.23359929491919285
0.07037592979633597
0.5541250325870972
0.8912404761072782
0.7947517642142097
0.634900311177578
0.3905302350771113
0.22926294352812632
0.13257565991990555
0.12849022299441282
0.4683849659323587
0.6750482216969269
0.552872812119335
0.4053653219384121
0.9493941520102727
0.05178619869695558
0.48649297339564795
0.072855119726308
0.5534265529038642
0.8019309440273054
0.19965087105913756
0.40172785024605856
0.9366810875186833
0.8474811597728384
0.24898023412738401
0.5314139457000089
0.6318814064247574
0.8527919146502502
0.22870518611018772
0.6067443107678469
0.6215332278278565
0.19537057725745868
0.6836774373563796
0.7175257246117182
0.3697239746159838
0.6625528945243586
0.6279306133530211
0.5400007270318669
0.9105102202809775
0.5822293793824538
0.8927632311935857
0.6096776864092698
0.6443195343201907
0.7018051070573881
0.8613165733112943
0.8560711369006881
0.261912592735578
0.15632299855438014
0.3438181541564763
0.5915489235297741
0.7874925166481725
0.16436987976405742
0.18799220172973716
0.5408318924787593
0.6685478202394965
0.9968012311740321
0.4346209754137258
0.7126357054684856
0.3497164487998568
0.4067185869458369
0.11415150418425421
0.05364553444435298
0.483550439390686
0.24090493497730858
0.49949039450530397
0.8516282160337378
0.3529096776292848
0.5122993871711005
0.7879423735809297
0.9796273449202758
0.6908720569805274
0.6635246965683863
0.40955799521774544
0.41068499712044015
0.5163612503693029
0.9885541731198816
0.14190217401138594
0.5266768461018618
0.5560923586703622
0.2364721856028234
0.9513434322854594
0.40717434324437024
0.08949325001018657
0.3089977314161895
0.7691879638972037
0.5496857111487246
0.4514837397511049
0.09872661132213081
0.1379970715321522
0.784933955981964
0.007147572279778759
0.07866320463070346
0.847632228661537
0.8191516358326377
0.14721344222398622
0.07470351147883283
0.5418873180254971
0.9728403515655588
0.016891083453083454
0.9640325839959888
0.784105379305086
0.48139502771200987
0.480343126786872
0.9634389923712676
0.580444055821603
0.26886614986137697
0.832840126843233
0.4291673400676561
0.44009079959934955
0.8444382000365881
0.14826635294961055
0.3495387259262233
0.24119302442933166
0.35320071284667887
0.5847097348666026
0.5989831687879098
0.714409658171624
0.5099653746996238
0.9864725755807399
0.7950425383555516
0.24780228427681197
0.375258976491211
0.6383483033602498
0.3077235691355026
0.01088148117785001
0.8451845647520458
0.44207178912211215
0.5244388955190581
0.3122185779706562
0.27902645612338356
0.45616888447217935
0.22534309561729077
0.3741951319383244
0.8071935288390101
0.8432545693548865
0.5809084161751121
0.370806105600981
0.8762942367519414
0.5912247844537422
0.9845257360503051
0.7550390960570522
0.09970109716778368
0.4788019317501944
0.6809621693713837
0.48435134208793645
0.2815052850117071
0.4168751095321693
0.08396101302795884
0.42067088090652244
0.9764099763706033
0.8668994450564109
0.5167867309273173
0.6987271551203846
0.3111461227991636
0.16847974533836754
0.4021583053014684
0.9911491247208204
0.8148346730139489
0.41337315830900945
0.7922690964056933
0.6822857756409485
0.5429298713421782
0.658600474691354
0.7027982261250921
0.01283429311777673
0.011226577878340818
0.25580060201399696
0.7708456795599787
0.5897410154149919
0.890428193372257
0.6838912881680178
0.7444405956212512
0.35259106077760577
0.48007119220076255
0.8782644816555357
0.23776710424428615
0.9544766633070916
0.4601891208987989
0.3176549641842029
0.6531448577646262
0.571477869019094
0.8622401187694092
0.7487551273594054
0.234483588671386
0.802240789811818
0.6451265634797169
0.6920578124901029
0.5539174089661971
0.22936374780784716
0.6332984873103706
0.251973103780359
0.15923055232245184
0.0893832263457709
0.24863380000328222
0.2652554851569817
0.9068322039424888
0.6190752675217402
0.8638539156165247
0.9988991405740889
0.04896469383727911
0.7530526727480786
0.6640063463741711
0.3490313162302017
0.9382206473046811
0.8569875066134272
0.1789570108605953
0.7603633155655958
0.26011484650147765
0.4380361190651618
0.5521370284023209
0.7307352937554837
0.33051758958187083
0.24386231375868575
0.4150198166785763
0.7421922676203737
0.3015469788692622
0.36796229481768394
0.1982247471706123
0.1421364518106456
0.28625834406157225
0.11729543321256408
0.5786088851290582
0.56019427531565
0.7216940620941481
0.23778846575579132
0.6212238716574167
0.43304409480828715
0.5634093893154699
0.27619327876273586
0.20941032636931117
0.9328449670554798
0.9206001386079876
0.9870877651417966
0.03078624647765545
0.3204179106724047
0.6488042255427382
0.9608811271133967
0.8838011543378265
0.14877131559604675
0.439953811502323
0.3305926437064558
0.30266455744420795
0.5637939923711851
0.3247079493994981
0.47605158789714946
0.1917160178379924
0.8715452131920485
0.014771586437860008
0.12695838032502657
0.9673952168217428
0.1457801449825096
0.34317222806285386
0.4485618739505695
0.7254913167903232
0.009760575265008798
0.8905472565868061
0.793604287085559
0.846954512771741
0.8825712665078361
0.21819496210293285
0.14043656707884478
0.723923267310514
0.3742015344611841
0.11502493768288242
0.2943145472419884
0.41536094149132585
0.31679191425110703
0.4893008481544
0.4787608352008898
0.5228256061073272
0.7554821889824883
0.8563721267158548
0.38005485223530006
0.35598468648413395
0.9765773965639779
0.7666780160293817
0.3215687617248578
0.2305232826522756
0.2836966806432901
0.12011883360879594
0.9900148605667444
0.3345022635237232
0.8601759149730913
0.5558693531934046
0.32768886049433227
0.6956332800270049
0.4531280285690311
0.26658655495287653
0.6948253617474066
0.6228310295911389
0.8047680614069957
0.007529221797943177
0.39803648115914925
0.6358856761504517
0.8898462484506305
0.27338364571111395
0.34549901724274185
0.9100110448923454
0.9500317729745686
0.1713986590733609
0.7767184884821055
0.2931104160996361
0.8963478600410981
0.23030032957880187
0.873657809593498
0.14817145224363268
0.5921172401873006
0.6710609932747373
0.5905262747616654
0.3801518304041092
0.21506132754225277
0.37771733745039426
0.7473528961824708
0.6096242176809578
0.7729195710498775
0.7913384370601545
0.6006919220181269
0.5463449508089256
0.8358163757235539
0.6828828140720776
0.9436070811060809
0.44599828620449256
0.8107140435166781
0.014375671770236461
0.6655165413275429
0.06522048990966933
0.5879677344088585
0.7094990804642347
0.7977566816775096
0.28985773049760616
0.025590594524213934
0.6046498422597478
0.2710594640649943
0.47138324601020287
0.8719719527615487
0.6875142441479489
0.14773499691689707
0.8268805417261429
0.5153636893029869
0.9250763657667183
0.5216558693586448
0.10875323539643701
0.27696948803289656
0.49298050982324926
0.30173158473760725
0.9887855892852737
0.36786617980377556
0.7357789129862597
0.1545229838966274
0.5085712806770005
0.8399301698221154
0.5722076959748725
0.3914589500597135
0.8596736630998949
0.03683986888594365
0.306561742663922
0.4428781310161858