0.5976600080423112
0.6701696092631303
0.40733625132444135
0.35178406805303825
0.20683562712566467
0.26136934631922487
0.3755108363553554
0.5010783393545871
0.03209035410370846
0.2934939802951661
0.8435440462868146
0.2812052784144483
0.5600496563630152
0.5170627313570727
0.7351398593004075
0.04962262342427988
0.33680260927258265
0.5634212191300304
0.1517156792039652
0.6704426311164263
0.33024697836834593
0.6538709333076563
0.5114743301236881
0.9415279633108518
0.6431391560529826
0.6652054532333133
0.9457196338717877
0.5166150100826962
0.5007310345068084
0.6050233611667353
0.6925948632458611
0.6692335955189204
0.8736180164524742
0.4742309652492835
0.6072234298994561
0.4440430959029367
0.5094982584860663
0.4808385336526129
0.4766626073456022
0.382702370606346
0.07183223446613643
0.5595550767168691
0.47001518585612856
0.27553749034122144
0.799630916712551
0.4236866909801942
0.15213782754965424
0.5009167865880283
0.1124077336960943
0.6470138390119818
0.34136371367566326
0.6413892422494308
0.04334264211490514
0.21793932047107592
0.11205744123977743
0.030608661867693156
0.3091859499734084
0.3750643769156407
0.33909447209661536
0.10707334356246592
0.8266965114231954
0.8657697288220448
0.45039277764228597
0.48917693917229194
0.7579216012545179
0.31890882459142095
0.8043525472339503
0.004910313920457909
0.6379076550348965
0.5322875024573617
0.582500841220141
0.10169581298828692
0.5035206075996379
0.13836830958358978
0.9119141228029504
0.7072036188204742
0.4286546602580347
0.5686793827011227
0.03703915904968365
0.5387222695272941
0.7954385457492298
0.9444595579977404
0.4183860471575401
0.40970614101877
0.8370480067614563
0.19014888157833784
0.7159759654002515
0.3036107623897154
0.9698588544979341
0.44282742968263283
0.6046086044439715
0.7798812613054337
0.35880869965066825
0.8550674300504809
0.34710115747581227
0.9049951319025986
0.16601389060953423
0.8608324000706236
0.7391162760598602
0.32532046524130404
0.6023748098254427
0.7367605390101393
0.35128873590273546
0.9360100760434228
0.21506576167681843
0.15885312619781808
0.6919889701300687
0.3104676741766194
0.7660793168867809
0.9236971700796952
0.6169896804239694
0.7985671251206954
0.629820555691004
0.2755797383966435
0.5565544286529832
0.7956110449878481
0.6719765290879242
0.8490081851685292
0.7614102001419543
0.32873147408979897
0.4247322678014472
0.5011350006375013
0.8920398757629695
0.7593502564284352
0.9792044642811489
0.7424067810556289
0.4729096166581235
0.1265397737434883
0.7618355787508542
0.6046543523338617
0.7865661349739934
0.24419500495785756
0.5355020303764735
0.5892330918279077
0.9669388565338968
0.4284286728044556
0.8673719970767744
0.22580982060633586
0.8580114068724629
0.9229403010824906
0.2046189383630913
0.5219071111022837
0.8461543133974634
0.37564583782722216
0.8489041868390491
0.12045830496437422
0.8801952831283102
0.3048463800104973
0.6478628687322451
0.16622516065041124
0.41585868233963685
0.49974583485556956
0.4594886714011053
0.20139819597072747
0.1038014852137522
0.3345727442063897
0.7631415825610822
0.7849167649674699
0.9043686009416391
0.6226417434203513
0.18494383199037218
0.524968524124361
0.7124279773947026
0.7736156597538163
0.9867251759532972
0.6628616349736817
0.6472518146500071
0.43993086236668905
0.2557213810362791
0.22049205275652592
0.38578180234090653
0.46037319814840677
0.8804181490116634
0.6886938791585921
0.5427256032165325
0.5832613028208454
0.18404538430762687
0.5783414158253836
0.22974948455254066
0.40651235881335035
0.34428251282446715
0.026978870257273555
0.5688627684452017
0.12537344500777117
0.3528855928228532
0.34058318739636245
0.2255029570168186
0.571997243768384
0.3847068875704887
0.4108989327306697
0.5934578537125024
0.011363127770560736
0.23609076170812068
0.36425946377439605
0.8313880214521836
0.6335231293367918
0.8110802507208602
0.25067016437086653
0.8932648643919411
0.46183366589579694
0.31505399875120355
0.24244570944127536
0.7598658613125004
0.19672831151903702
0.9668740315989292
0.23262256170843637
0.12506335465732632
0.8146248176389101
0.4400853915361109
0.9436099716984323
0.7566917655807704
0.44661290437550255
0.037776704717653244
0.6023281558049406
0.4690910998206677
0.528820314946426
0.3032543655431901
0.8772685126530834
0.846861792472522
0.9132932823254124
0.4867914957633308
0.3571920406270922
0.8102628513147417
0.18885712347853167
0.3093425330401505
0.4152236641900386
0.07957644283802869
0.7762038958513063
0.5423448911694105
0.2135624985286818
0.9798973336420062
0.5484129058255535
0.07217971923729444
0.4380501624805169
0.6246805539108612
0.8668754713334811
0.5789304297991748
0.5717449611600405
0.5609328628381439
0.30435366944627334
0.10863282592339017
0.9269681445593615
0.749791024159523
0.8660793636911581
0.04173217436030067
0.40941562074855226
0.9655066427346287
0.46062634114693035
0.18136740653299405
0.9646326583634915
0.12635582557731037
0.16945724325642325
0.8375409299958672
0.31233479826404914
0.6426660260038568
0.6706520391039776
0.44222064023927826
0.5451458800472823
0.7860437340246968
0.7169982801578145
0.34339457512312754
0.5316280520830092
0.6410227272639221
0.48377141982279487
0.5736504215978979
0.6538632740461829
0.6813882879870704
0.5813119643732285
0.5561351464592142
0.5703961773311161
0.2700215424459997
0.6017864242700142
0.19284150322337154
0.36385016658522834
0.5106004792158644
0.7852082024791626
0.7504356680773536
0.6972728643858839
0.13530378005951904
0.6114263414474
0.648351973699254
0.20870267669444315
0.7519398571049866
0.35990717336172956
0.5592536090662951
0.3987439115707614
0.09471827561378765
0.15612702983554513
0.0044661093574782824
0.14219462898808127
0.7739228511787463
0.025549808737198563
0.7241727226231074
0.8907644968619967
0.3095614431308869
0.29865221459407887
0.1578552024129587
0.5317747479483808
0.28440720409576614
0.27890169685597754
0.4490779857883535
0.4377034953453754
0.9531659539313551
0.5834817335247091
0.5286379092237751
0.7017805607432163
0.276387050632584
0.5874670380939607
0.2907469287752022
0.013606834041824547
0.9076167831690407
0.5367244422052949
0.8094260559782723
0.10329054052994326
0.11338093506571675
0.3432379729513838
0.7134179378459243
0.633662093072399
0.316903214556963
0.4102052998678927
0.6842758300996621
0.010498523347082926
0.8532703506987597
0.607250553743675
0.47611181951002496
0.49765445675425135
0.2206460804488182
0.9542970554799808
0.7273315459420622
0.1898168237952874
0.100700761953745
0.4806519783036902
0.12814611485597294
0.3706945186966896
0.1760436013199596
0.9056429091655823
0.7185633051378221
0.9967455700157928
0.48744918605414317
0.10363122428119637
0.8383574351517113
0.6466398409549118
0.31440210595053264
0.4045713646774717
0.8619841021934244
0.30131351955257196
0.9529704022909505
0.3951209128353218
0.563119592940196
0.48448886199750857
0.07351854179957928
0.8470146571051475
0.6171602622728709
0.8852084106378586
0.26460760026006436
0.21855474652649873
0.718676798700344
0.16867763081802056
0.7631969509895885
0.10829259317003694
0.9981921973565698
0.38871787146397285
0.24428077136739393
0.9782330709336574
0.5259751683548138
0.9684570707778788
0.9862113759723284
0.4974677356617946
0.4055612357026349
0.3630132048088432
0.19293085936076518
0.4888448609280472
0.5455600407174053
0.8694172894720799
0.8086214119596594
0.27289101613274186
0.21790940750607043
0.19306199234645782
0.28861148517663526
0.9844396239390807
0.18643074723219114
0.3651746303310037
0.8598518544347478
0.7798274779415266
0.7825246024347088
0.514619499201739
0.958442967106526
0.8717676858737505
0.14716667465247169
0.578343263187822
0.2589922447087993
0.3510867888389602
0.7160696060887842
0.5278355642347718
0.6458085375870051
0.5053393050713288
0.8686803488528099
0.5242262386530263
0.389282156404804
0.742075456598138
0.4955989756069841
0.3008979843502806
0.4191461642210709
0.08364869664624393
0.9269446155719424
0.44683254923107596
0.41311745862898214
0.02404688510093218
0.8791272589113166
0.5759402393223092
0.8073438251407526
0.6662054929878335
0.5741026623896642
0.16137222707670973
0.608432336404892
0.7011158509576247
0.35665518684994224
0.2768940180700171
0.6803341229052214
0.3515994012580758
0.686892250027718
0.20176914040775323
0.2560505670965688
0.36891452848898465
0.19292591651780983
0.8333276740113917
0.44693473745981616
0.056642237197003946
0.37239631736917833
0.630825483622746
0.855509768810725
0.17919275858144532
0.5097175538383937
0.8848649485361397
0.6839898434897473
0.22059983704511063
0.6757066938884057
0.5402604752265383
0.7610431899362313
0.6181542101678952
0.31345527024135733
0.8834324731747327
0.5900764858377967
0.7603208129604828
0.1496632600984264
0.5728472271938725
0.711679060939525
0.5341274102531623
0.09123783295175628
0.4407080505943916
0.16982061376287347
0.2938882478974385
0.20399913404427
0.49412311996461644
0.4026281794065285
0.5270402545999989
0.5605984972204112
0.7261873406295206
0.7476987649046899
0.48827924193607053
0.36010848347575714
0.46171446408262623
0.4276523268588595
0.1394014428201687
0.2015158493326118
0.5271474538903725
0.26756271287072225
0.2278059611233459
0.0029015108730810852
0.32205661637915234
0.8181360702318535
0.3370646057070491
0.09808012730105073
0.5172597015731928
0.7506847116441752
0.3614827974097729
0.9045475100658387
0.6349240555424019
0.8883226248033714
0.6390124921036251
0.0661240240069702
0.5950610561909804
0.4548780138336615
0.4355560257777597
0.27654818874283715
0.6745286938705115
0.8087522035443251
0.6865597250556874
0.2892807748887513
0.12632873154084878
0.21523653431593145
0.12558263761901775
0.7071124608602027
0.7133749511477879
0.5742601984596309
0.8394792620252988
0.33733589493101795
0.5988687342320759
0.47190339810027804
0.09712136395387708
0.012374490814853867
0.2510903624129286
0.42046880052836005
0.9760849186083375
0.4994043929145272
0.4054900218896673
0.9214211138655253
0.364113511472432
0.5951146862787569
0.9571988538974068
0.28922535067049426
0.4181182950400236
0.425312620668362
0.25907539040136024
0.9049577540137741
0.4160951074473595
0.3173804261803889
0.7319338161970305
0.9262264140192267
0.5254654825144968
0.12616952432673745
0.3847412308030602
0.7591828457173067
0.5580316417154136
0.4621028900985654
0.49773792180581317
0.03782963564642914
0.5717948321807806
0.6552121438926108
0.8954209363428034
0.35952740436597797
0.4840613123104988
0.506309967435826
0.8903000357391941
0.4903024920717976
0.5222805101429818
0.42812473508184945
0.5252527827911778
0.5592490391970364
0.4907884100167608
0.7626521096101317
0.7470910995504475
0.7629967913346033
0.8484521874084413
0.9334099787036779
0.6417312987334673
0.22328264683715893
0.5817865657293301
0.8338267973139943
0.48981606392630433
0.5108099003955108
0.500158994559444
0.7299934108536225
0.6564477941457084
0.3872123162383727
0.6570373819110451
0.6379086241037267
0.272403897764464
0.47752821611380647
0.3018709363116747
0.7563637234148416
0.29759231490893084
0.9255134613144693
0.6484807737132597
0.5514331311328874
0.40660073191966695
0.4912981747403313
0.2542668511447997
0.43616359551912703
0.6857375199023573
0.9134034311193826
0.609787698157637
0.27409772452884107
0.42759861997456206
0.4252541423496805
0.4075848575709876
0.0024609731295083927
0.1913296442477636
0.9082552674023531
0.611068612884794
0.24453943325776048
0.9999743172184591
0.48205997218085955
0.2498134412208804
0.549969143035264
0.9475752533655296
0.44973278250623605
0.9068838092838527
0.5969806845249263
0.2980953821069776
0.2029059111962368
0.645334316735014
0.6975984172970825
0.3984378323699143
0.33197859971530236
0.3874734836182082
0.8765350870794799
0.989296374665834
0.5590271227428957
0.5429250983725877
0.29798581485842596
0.5986505430334038
0.46451923135908146
0.504956254726095
0.41566349571010297
0.47838051586359437
0.12200393298672046
0.2055948645890334
0.663699827464031
0.9369993184923007
0.5722675935260431
0.48532354302482456
0.25292298595160173
0.5755670465428135
0.8745751718704156
0.08444458004162941
0.5576685114792787
0.5657284880670298
0.25079123825855437
0.4462104793853274
0.16114044115554685
0.6173583932919006
0.6528933798240307
0.5481228117528644
0.5960775542852323
0.8138724149043577
0.5960099615859974
0.4456679397332788
0.6789579818564605
0.074231056850023
0.553541476558873
0.5020905685195447
0.27139074763722687
0.21760900479501016
0.6936014327213358
0.4521231939291879
0.18219461485318514
0.15922862563547335
0.40657582447993434
0.5681310387406853
0.5855336853721592
0.07658412731919927
0.4009078117633014
0.703372924860291
0.2891882294870463
0.6163007798255162
0.32711072698592
0.49449947844784065
0.229815618764368
0.033496753234318125
0.44705164585106005
0.3545077528030811
0.7385521201127981
0.5084145531199055
0.5779232536177892
0.27803578561504355
0.5838105528755431
0.39270524075361846
0.7060916413886544
0.14030044216090348
0.737162201862436
0.38187131119217893
0.12553283383198513
0.1620579862695223
0.7798699585559162
0.7307198076030559
0.8254479919020411
0.9276893967147395
0.5794407417045808
0.13117673973192842
0.5871235709602161
0.08455909333285262
0.7104795032496188
0.8318686736691613
0.42021811221969196
0.4949472212604582
0.33926245177608066
0.44442311792297484
0.9549398769676001
0.8526530014640255
0.992325786660574
0.5950323103229878
0.014082100734845617
0.7241583773626094
0.6605552205426902
0.28909761688792407
0.1422478357334702
0.774785389960552
0.4376405691537114
0.07069497077152148
0.5909769854856136
0.4175039750414646
0.7778525939741157
0.1104472157903801
0.2430850560880317
0.11889275715897792
0.6321588582575927
0.4492302865977349
0.5500573441120318
0.1026287029953045
0.6386242003427529
0.7488038938391796
0.5171118908148029
0.4652078110910911
0.46732857853864673
0.9993140182933768
0.5839541028636345
0.9721812687656038
0.5943144150320813
0.08865009698667131
0.56504973701639
0.10195926315073706
0.4899936228246027
0.9598810453367222
0.7387408114696767
0.4658284981129359
0.2773999185083135
0.49543626125267004
0.4038743023540612
0.6845672597550002
0.24539372964834313
0.8745520473822848
0.3498334212223644
0.42641696017249064
0.5502228040011651
0.35575095481974234
0.24528830844614077
0.7530121191261376
0.7324848217964273
0.018432082469353194
0.7553396912552723
0.32706146772522904
0.10700402423476216
0.5833986577874171
0.2423132857321339
0.7551015950372983
0.4532096795373937
0.5600693901710618
0.7176029513583395
0.056497589686666023
0.3958900450672716
0.6229235376752803
0.6856245488895746
0.909965420626095
0.9988953287072301
0.48456514287608093
0.4754040459506111
0.5152355454995583
0.33943939500830345
0.7625807778551447
0.5452871061317007
0.5400597356535264
0.7298150989659503
0.1813459817660059
0.46914941044980596
0.920648066980118
0.38142713602330003
0.00928668012228085
0.4457451788164265
0.7619595828923688
0.49768572376764936
0.5805659425269432
0.8394857147787606
0.5748536732922942
0.5115985642861562
0.7611241374514321
0.7482353694595351
0.4275520067465708
0.13892441805382447
0.47164036527545655
0.49352567226769645
0.7565078958810203
0.059568296099928676
0.3954961888103364
0.7961020604373963
0.30128519089521955
0.6140727757795081
0.8333582262830331
0.8799444044994649
0.21744563236490588
0.24294688288872324
0.19069505253633984
0.5898134537509276
0.9299638124902664
0.30375546044628665
0.6096974166799222
0.914718509925774
0.9695780654775582
0.780000559223424
0.8054760684176868
0.6501755360974966
0.9658661929937383
0.48040558213179096
0.2574091872905066
0.065441079147917
0.04542584727687888
0.4354276114067157
0.27443949179899985
0.02945651898206542
0.4459170717429368
0.8884510376201162
0.815297607711183
0.676010422859603
0.6185626654822368
0.49503564873607975
0.09602940322082514
0.04541420647023092
0.6035516774815451
0.4233631389731543
0.11016596951981174
0.9202027979178803
0.5298058676954323
0.8002533513729367
0.7929260989390982
0.9176393957608548
0.4224488352989184
0.890885193008277
0.2493310504727241
0.19585538675007158
0.4549171793151648
0.017356185973023734
0.9235844690445362
0.5776916383606894
0.5392132004085585
0.37315822191949066
0.8792380613672668
0.19522772758646842
0.8807115461029958
0.4821430081039249
0.8784619260909962
0.5478709539330938
0.31496950465707313
0.06036064049922135
0.08320597726367117
0.5910959723586274
0.48973277893557243
0.6250478518890409
0.14105476875291426
0.7872175246704655
0.5291103269597849
0.15711498665603366
0.5309752199185966
0.6324436501550613
0.39580816844259936
0.47807703521081407
0.975947655934122
0.737982626316922
0.22407530085113098
0.8005173014762176
0.6216555256564937
0.7590051406977534
0.7169039152757505
0.004851094410527479
0.9094035078821711
0.5675406979363202
0.07313856031262797
0.5142655128903757
0.2498739277373913
0.6611757791658159
0.45556547357607363
0.12961819095433963
0.8408700691008234
0.08798076502666356
0.4811704184881011
0.2716297801188403
0.5386442892516842
0.06994078716743161
0.913576753976762
0.09630919275016687
0.8123423844474046
0.5435331055174861
0.9453583495841851
0.5010456077804247
0.7461252734989796
0.6401632313037509
0.43198254703902983
0.3493115863163167
0.23250000412401997
0.8019488852592651
0.6887035910831097
0.2181264031801504
0.7292321526046185
0.513884050768547
0.7534693331808063
0.38882564027469096
0.6017908869240757
0.5536759509417459
0.4853525760283215
0.6950145280787167
0.49011376005586943
0.38418339838456084
0.46921241142412545
0.46136262199727773
0.17656696651300374
0.43443873573559144
0.3535944227216299
0.36620296087140564
0.5057147426229827
0.34599980111356127
0.165784085918423
0.5714639022002569
0.41779823479929334
0.7507448158797756
0.6346791304756624
0.061139723049702666
0.8999612366536666
0.3246431740135623
0.8485965854854121
0.5129985487794202
0.9527065973821057
0.4965960047778942
0.18510023922268437
0.5951941951494937
0.07221729421906121
0.7423477099105397
0.6583956602821471
0.2281820192146026
0.4368869727041864
0.7076731892771594
0.618059228123137
0.6975263491739203
0.9267815519618361
0.7101939527725992
0.4986741681185744
0.8576787095864086
0.27277150132943967
0.9245290449485837
0.7805690007455214
0.7507385961678563
0.7644879627015176
0.2544535277972827
0.19112127727082523
0.631779371508316
0.3192313816198245
0.496205755561563
0.06584989097029799
0.5941969798765829
0.39324656487338755
0.6419923747370857
0.911073344150427
0.26959825456229125
0.386539448122364
0.6486345794306273
0.10731385931156465
0.8128916750604069
0.7348902722888693
0.8313479452236733
0.5807863502968514
0.40276068415214983
0.028876605278906647
0.580437340324225
0.5594261997112849
0.5175357348967548
0.8705473355033527
0.7006150154612804
0.1081070224284316
0.8204415572131466
0.8859704945760423
0.14083277943264444
0.3520063666470141
0.7072369284583995
0.670591715871306
0.5574605606022912
0.4660562349588535
0.5375204267681085
0.8124295037772437
0.5532720577077959
0.5612894392985015
0.354549426818196
0.8196492776206469
0.8881009124127668
0.8760357381025962
0.25792338295138284
0.34615999146179627
0.022514441614056017
0.1408636497392905
0.54421924401294
0.6343102407825453
0.9412440581158144
0.145271028326822
0.3717931700306221
0.7632854860787297
0.3846592515539495
0.5102763952226956
0.192850166701506
0.8614660385365219
0.4964756720730133
0.7886846158410074
0.4034132146535555
0.8177367756079206
0.0753394547423021
0.7877110055135867
0.5117422436306042
0.5206998988459566
0.28632983558241537
0.3809680079100276
0.5516668971614607
0.43760901480058884
0.3191919850574087
0.666268542405899