0.14450593776839052
0.0063961573164775486
0.34428446435057264
0.9690375040557464
0.9195019461078012
0.9447035581002585
0.28030268749266757
0.8320746200060258
0.42682831844509883
0.2733770421875153
0.7817114450221639
0.6901648049890694
0.2107492015523737
0.5212869576027569
0.3601547442616666
0.08335302700156222
0.672870716740284
0.1701637044581851
0.8526690993589444
0.9868780481574058
0.2788877836399207
0.8791521024099237
0.5090919723492084
0.919611778134644
0.5964324138485179
0.15532152411139685
0.8875790313969438
0.5160749827522788
0.5028628273121877
0.8301897617214957
0.8840953137719021
0.32751922473843004
0.03144149884103806
0.6172489366594915
0.7706146233635346
0.6513770440957812
0.3314078493887693
0.3305449525542548
0.6704752833829876
0.23949193982741734
0.7736840034620137
0.2691488061214852
0.6824300956784835
0.9639559263734186
0.792191089936025
0.2712963102099759
0.16078218950171472
0.8300212425398489
0.9919680410279927
0.8007677528852295
0.8020599192472297
0.3376004358753359
0.010249242472853195
0.10673768531441387
0.004907132116885658
0.6823385715665675
0.37280997604932753
0.45623922075076645
0.4270899946926782
0.4544738440415683
0.8130303603253718
0.980771897279986
0.24077824550060214
0.5466103793568186
0.7314229322273094
0.2914840616300993
0.804378871658586
0.949998811648188
0.47530044492394175
0.8015500699930442
0.37386855113907924
0.5727460643300737
0.5003742327292214
0.09419849816671025
0.0018099097358931942
0.11373034394859076
0.3363357329265232
0.7582384410567682
0.18740547388356701
0.4232062926001662
0.8170164871059612
0.45633805659793386
0.17494286861977518
0.29934389334740347
0.3647166803446333
0.7417755126964156
0.85547687933601
0.2271147038064684
0.4444404297249098
0.8992398915379508
0.1876416150802806
0.10492061642381874
0.44513654893798565
0.4844210965381107
0.31453067655151074
0.9668925553193163
0.5906156152251584
0.19088523838551044
0.8203846140071179
0.4012718677862094
0.2555000705382955
0.7523851350292072
0.42145413610994203
0.017597223656523886
0.7345669319540108
0.9845032069548374
0.20709862060792372
0.08296501131951614
0.6448590113426982
0.7418585885586848
0.5498271204998566
0.29411674710189606
0.6392453644229305
0.18339709774583227
0.5630800940888397
0.6704302422702071
0.4310755193289381
0.5937007894242746
0.7513885945256038
0.832787126367261
0.276457252742781
0.5265901677883118
0.16003920532362645
0.04012230884698394
0.4317351733212405
0.5173503125857523
0.6061276604018563
0.09618294494960242
0.1850123539323473
0.44900851905640776
0.7467496913503111
0.6058966393018911
0.558355634942246
0.19695139804843742
0.6707279031200682
0.670936114236549
0.1339617990406855
0.6749327952822873
0.45318965702157715
0.8192429859766767
0.8125352299773985
0.994247345236438
0.7617931913877748
0.6061376392536932
0.47872175593522875
0.9662106444433283
0.05499850181823203
0.22731152166815324
0.2411381394835277
0.14571948497771828
0.26503257449246065
0.5004904380119388
0.06092261194505807
0.7560668087994143
0.9565971392688173
0.5663283273897954
0.9504155642673219
0.4278684546453262
0.0012063341236964564
0.11893764512915542
0.7861418119822932
0.9785489747997999
0.14843925532211827
0.5344974054501278
0.4846536789219651
0.20625059805082865
0.31796194036356673
0.47018003015394993
0.7311610461691559
0.6276790768249803
0.03343636908652057
0.46385880893345577
0.8273833598826257
0.6324882007904852
0.2530364775367411
0.7407098960119035
0.7066248247974859
0.28558291583798007
0.37322739902887364
0.7798442220146952
0.6025786433334992
0.17547488622393434
0.5476982855211451
0.7114444125289828
0.0649730784702372
0.7025360997229269
0.7919519145337524
0.8760540399128873
0.10828424731777604
0.3973331321922479
0.6118864502111715
0.7991093075953035
0.4762768026425232
0.422331560456401
0.3094357508568434
0.6767950845255984
0.9897734846142778
0.6526239150523743
0.745516006527286
0.5061961601602454
0.5815078791378234
0.2560489002986793
0.45299069460398533
0.21022538046828668
0.3056380737658797
0.15859900084199355
0.1555621330690138
0.16490996663563162
0.028822130597018547
0.6630264780360867
0.9318038882042654
0.7513240522984074
0.001128530855916427
0.3134088824079202
0.9729039648086613
0.3563140773450251
0.7046267888624148
0.9395234535514478
0.17765390920463558
0.9793015880663651
0.6747296383950541
0.35634301573548754
0.75616379678274
0.8872843971408247
0.6927429660130248
0.9682013063613285
0.13956390795038776
0.8930817860668138
0.7233065538565202
0.5591038959687499
0.9365034546217558
0.6417862669711062
0.5384130424427677
0.9522879453060272
0.30986870973178066
0.06798002551530258
0.5625818292743928
0.4439534865157435
0.7688365901103191
0.4975462467384839
0.8053262701251052
0.8735892541547365
0.03752295689952625
0.49322843963635493
0.3921036302211956
0.7771588427557091
0.25809846969057404
0.9908798950566514
0.5097116345332289
0.4307575411908584
0.04263431276266314
0.9527415092701137
0.5945829537148423
0.139285553772338
0.26727264953609337
0.7997825267338439
0.5642490753999945
0.5694460646865713
0.7587880259643697
0.5635552883529598
0.253001929742802
0.4556698926137158
0.8028843183984831
0.5429136850870699
0.2626370649588769
0.5869394195145807
0.8974772902297236
0.6413571330985063
0.48148395313893366
0.27011374235591507
0.36782096494336175
0.126479626065803
0.38925359320732067
0.5773476717252545
0.770259107618746
0.16824550188122198
0.806001677225993
0.45267758671136876
0.13463844411907383
0.7699588351577055
0.5917225908503115
0.276264097021335
0.15177101161867962
0.4823615850360987
0.4107911021408435
0.6396237172852989
0.9684094608629663
0.8997522558211637
0.6863074916671633
0.7355710203207375
0.4254914739129989
0.641640355478714
0.6282164027904192
0.3368322303367406
0.6026176069240481
0.4307416568215843
0.9235880925171529
0.17763644655457558
0.5108296395900721
0.2723866810785836
0.3765693413068944
0.36419604174013015
0.8679336680156139
0.7544416751028035
0.3060864110883559
0.10210533360734309
0.9721174833190258
0.3627865150406169
0.8481190929324158
0.656434708935606
0.3063836222676525
0.10276830521969575
0.017616233219840495
0.4753757232062898
0.8705120357109718
0.6415760969059021
0.5294309694430152
0.060143116051550045
0.5227457933812789
0.20973771195445887
0.10604989458470906
0.6702039766842102
0.827315483961468
0.9142106556264802
0.04659725061449648
0.6453471606927637
0.677175733019474
0.9722507597798772
0.40419426812049664
0.7904653111623797
0.78273170468349
0.7280078296876517
0.6541810403196748
0.06541162733139227
0.5678798125750273
0.47269210451132165
0.3802300308541389
0.5494035502483084
0.5136807870373465
0.1790387695516528
0.8355367804501056
0.5875032427391657
0.26385572332305296
0.2689378961542288
0.8612845675459352
0.6379918965578523
0.01891777624674428
0.39813179586461284
0.7501033539386472
0.27549376538111536
0.9395871142060099
0.44009142511765353
0.9829644698751656
0.8517770615281964
0.5955100459396471
0.24723643224596106
0.348620891236261
0.7606808718780709
0.27883174652699694
0.21681310160266645
0.09787171648905006
0.4012560680267189
0.6812399796723209
0.3896980991564893
0.5312756515159031
0.4966403303911982
0.693618157747135
0.5028894194939555
0.53020360102854
0.794397877435883
0.6376545597688941
0.5046868589277689
0.6195719423498875
0.67220675758032
0.9443818042308304
0.17296099007431318
0.5562699901142582
0.2707364178091879
0.9102421915060989
0.6708220534005525
0.09253569360054456
0.1363601088945227
0.7215097364849574
0.006684869262670894
0.22275774260444944
0.40070547694723235
0.4685816099814047
0.04061623631559784
0.28984230597475386
0.46816622944895314
0.2923138975507842
0.7519062695134356
0.6285671580159212
0.3798260409398484
0.7276183293936053
0.4690279711617884
0.16425027811021892
0.37216208283280944
0.8133329842993344
0.22677097861641282
0.4871144736801043
0.33079240253129877
0.40450730916388616
0.839553123492055
0.5047649519713101
0.6669185661308498
0.36414964490659596
0.2684212601853302
0.13339731721382783
0.5722528581205385
0.9587522682477674
0.019167240495469886
0.561538725607887
0.02415152501223822
0.7462738925592204
0.28723760791287534
0.22154792277596602
0.23802646271387923
0.8336066440300417
0.865918101193587
0.5024329452553169
0.2845934213056546
0.22107328535027343
0.2934660951771415
0.244312955920935
0.24682976942762078
0.7854933740240111
0.37664938407582726
0.9179342677867153
0.4680207165710406
0.16162543246259553
0.1830245666285283
0.5130951086488269
0.46384054469964975
0.6542071812610698
0.9371114814181409
0.31941041261762526
0.13601021687476975
0.09279745871786213
0.4721844783357838
0.05408599361104904
0.25610589866109057
0.9768651768132742
0.8961039744262335
0.6933650487513975
0.2725024239544448
0.22594962770649984
0.065457995585407
0.8111116587676854
0.5915605393305449
0.14944260909623056
0.7306486780245947
0.5304288932381258
0.6837333901410735
0.6831056294855848
0.4474087878750831
0.638578831462781
0.12686746722534245
0.7503407873000719
0.5650336622174518
0.05067442827343168
0.8932206256029994
0.6656066227360552
0.8157352857033304
0.5527114778379185
0.6626595961951248
0.6453584615554191
0.8928278093841205
0.5060479815190667
0.37771994401448555
0.10602108550676725
0.6694211196012346
0.9221310641988768
0.6224608485507057
0.8234825532310202
0.4407089213397728
0.789854720943994
0.23796164938384348
0.4921141522850585
0.6154050291483769
0.9374977060620092
0.6258454427352129
0.8975003677062046
0.5834960570930169
0.1719537563817696
0.9130726723895359
0.6798668536260711
0.02389027061048703
0.3269669930363882
0.03429719824049856
0.46828671122360344
0.077985159884504
0.7264446168714984
0.6354625286473072
0.5411903274025953
0.8949566029980044
0.4690571133080394
0.29961744891667147
0.32895800952928317
0.2016726443526288
0.06396971099848447
0.8025850299997739
0.3362155070971326
0.5473808997126229
0.4983277370335741
0.4557728405768404
0.086600188083363
0.17218754059955685
0.7339273472232868
0.7821266957491091
0.4583634973836682
0.7692993995036557
0.6832345875345874
0.7178217631478473
0.07126933417636784
0.8649195147063669
0.21303678684743638
0.75286250734225
0.8840947164761085
0.4474975252478336
0.9028232304862763
0.940587557315903
0.5608209692645825
0.4022662929810742
0.3722565958678915
0.7064545200420906
0.9997542754921319
0.5873102226244945
0.2308667017886363
0.3548896620592269
0.7249907171055379
0.568394379094441
0.40030102697712894
0.09700704465219584
0.5821242969753806
0.17661465848315108
0.7511981618665108
0.6265803513268329
0.8163199124419455
0.4985841772968054
0.34856926380084513
0.6891674912982021
0.5656101305375655
0.4984222629889958
0.04507716871519141
0.6017959109736392
0.18647361667181409
0.061065629309496994
0.3410985426856931
0.5330520070295748
0.5779842049675005
0.4994356699160344
0.668180134599783
0.6560286269815716
0.6901235927349677
0.8511561133238001
0.21788729952745925
0.5737151527300207
0.45673375326162013
0.739775961293323
0.30127745604040324
0.9684420912581072
0.20944267989748594
0.5576153303243251
0.08620638076059567
0.9689025183903371
0.3714719956417038
0.39300632072352504
0.4508054841039027
0.5757294771891714
0.14854296765944153
0.14729430565616342
0.3531214819539387
0.7915963493872601
0.33903364434445243
0.30379595625536343
0.8017129934026453
0.39618004822977526
0.9410479112655167
0.8981719270033708
0.6951057180033066
0.2571774276204261
0.33505240139677495
0.13529179663514304
0.46714049116654044
0.9232665586629584
0.5767642185656336
0.35634314290484786
0.53652714772039
0.7443190221406176
0.9102344615763573
0.7413235549101611
0.884475206476094
0.6973358286266809
0.34281218918473155
0.9767312039071481
0.816002127099295
0.04457552625637104
0.9651303683994775
0.4673979593617556
0.5044672846922842
0.7245610057253339
0.47767150242307277
0.8876106941626111
0.6754045507297497
0.526843701861609
0.2333533050417667
0.18386753082269275
0.5574776232069013
0.3382554638795259
0.5381775502873526
0.29458521498593365
0.02818021161808045
0.5574967861099245
0.8965196930257889
0.9668590573992003
0.5869374852338112
0.610783996382407
0.8310917241847201
0.5258722137403663
0.6058701911976445
0.36833317935931326
0.6608877460509149
0.30123479352675964
0.4132524547248638
0.8632970350743966
0.47388674017150084
0.8630346888541613
0.7262888281232615
0.08404622687177166
0.4656546108972982
0.47693869865128696
0.7774627692527419
0.17635436040501384
0.028285610131037215
0.18932706350311415
0.8814669206708192
0.515892961050016
0.39948149475829176
0.5943518715771556
0.28947962660879883
0.508607910411884
0.5115983560957872
0.7261399317969668
0.2102827421389612
0.42254176590478304
0.3852956511904846
0.21860914175919569
0.39945960149172716
0.946003033718241
0.6667970712926892
0.7279600164024447
0.6140865978420914
0.5315833618921606
0.3163030362495101
0.48993378262940535
0.6112871852311214
0.22993713104363026
0.966254783119512
0.7719014133646714
0.7308223680141899
0.46542792548610834
0.2515722204859596
0.9449522519644383
0.6539207254926747
0.2074775747486336
0.15778831176159683
0.4849442348595904
0.5039876692781798
0.867553929569024
0.31357084544339736
0.9136614949600476
0.39498312011453063
0.15190405320454956
0.6744346815670468
0.31752696062545455
0.22936092636313876
0.6375522923119878
0.7802842017948007
0.36488566329178984
0.18947732890405558
0.13401009148723952
0.2511852711566107
0.051371020132264356
0.4822626925566741
0.3122974162333994
0.12194494510468527
0.8867277662518963
0.16248965041568872
0.4728582201731123
0.4640841844156903
0.6586622827552575
0.44623815078979123
0.3274979668495126
0.8489845426679424
0.9111313926329303
0.4430748527861491
0.32570048761710824
0.40342030420341235
0.728405891882755
0.25503927107786944
0.671981064060486
0.5941302777111753
0.7660072639202322
0.7986184999302453
0.785477556553635
0.7446105202999675
0.972208182978508
0.40972085989658497
0.7970545900493449
0.48878836834351813
0.2981588699797002
0.2979408108097542
0.31692798187025295
0.33532532942086946
0.587817915032324
0.5897719998364994
0.48374278048580055
0.00466204255737925
0.7281907398711898
0.2904052433268361
0.20460516024890216
0.6897397966358026
0.09622101056697971
0.4302625367532955
0.23875807195427434
0.6976557930539763
0.15058124307511989
0.7251355256769404
0.19235768607456852
0.3909044247230222
0.6733576125778671
0.387682878371236
0.2135096489424905
0.9511229533885326
0.06849664113001376
0.17791482958564842
0.30746895652483497
0.575015008275121
0.3376816369195589
0.016525865004350212
0.6620367856990639
0.05434309140161862
0.34851946518563803
0.023427887667865896
0.5198337107537861
0.15701139729588431
0.41920263588664747
0.6485117581742659
0.7850017831147154
0.5567563712844177
0.559393612548739
0.3895485607575231
0.9505761313277639
0.6531036842574257
0.15400398456573092
0.6646892662396519
0.03915251703232124
0.4195710926425705
0.16158849392938832
0.4901094781469921
0.3179534129655835
0.19490898369879006
0.7618923308325614
0.6233666457291377
0.41171713100472723
0.7092624741509835
0.9905233909307919
0.22080806237564063
0.4719679033512807
0.47730488101019136
0.7660248999453226
0.5620793310390148
0.3886780520129519
0.6903127225569506
0.621857202001462
0.38503545271618744
0.08003858488464838
0.2963505527688587
0.4960956998477422
0.14045115120333496
0.27248271138975655
0.011273491939669051
0.008882584417028919
0.7664937780719714
0.5251438180034684
0.2055835869069731
0.4938568133474687
0.7132859906592027
0.5609263932581864
0.8945161982229841
0.5095162340222488
0.08183276748439469
0.0621008367211745
0.06877520312390441
0.040470114158879154
0.5728831473669126
0.7280010645181718
0.45944912001895166
0.15718745426250752
0.08851387656053962
0.1727807573419651
0.16550542002658203
0.29121114374492457
0.45732999200226254
0.42939442659507815
0.03355854059056402
0.9980311731960252
0.8924140681976748
0.465506856059271
0.25522397670890656
0.40561742520081967
0.10764928758486694
0.1544468845696283
0.9646246975389511
0.6582347772685587
0.6044901722476604
0.04849762581314531
0.8264372804757647
0.11637415099176979
0.7147064119528083
0.1365440247811878
0.5246124484715211
0.42679060473756714
0.16938119959701484
0.30226352616841756
0.903481489489412
0.02441840447592459
0.49162626653173797
0.11710569818661144
0.44791145550451555
0.5597431859258688
0.6934739266835551
0.9375390525759185
0.21550400033228476
0.3900213691155375
0.5030107552471533
0.0858828915571157
0.437680616197234
0.3984528833084563
0.6330613095482748
0.2250958539650293
0.8942395912582335
0.23340428132805474
0.3345306370641202
0.226490655960961
0.06575988727588691
0.24454358832603246
0.7151462267985853
0.2516103542347152
0.8439926837684455
0.707158338348893
0.8085502949080455
0.26908924938580997
0.6767837026721734
0.6507543147688301
0.5791053739706392
0.3838319048360462
0.6899899340656322
0.6106715890502799
0.0628806990470577
0.9663767072148192
0.5350688468713835
0.7533675437723054
0.39239797941082616
0.4798592813182274
0.2775808521223847
0.5245439625901817
0.3147908820585022
0.19055307669436705
0.43490973740004485
0.39642262122233896
0.7801850294689567
0.3535357897775588
0.15207552962250623
0.1417787454798688
0.96780682749462
0.8100204968762369
0.8353162385798216
0.32059092059861294
0.4902383811330688
0.7797475890882246
0.5606214530640008
0.2756881233293344
0.7258729129599392
0.38366304023455655
0.6831646166627297
0.5242516090842513
0.8194721705844511
0.43182535365045277
0.9731373152607299
0.8321116929205424
0.043125327709982016
0.906202580322016
0.5993497829042344
0.5710987791488039
0.24371488852356427
0.6871990781289257
0.23544175664021322
0.8977927864588479
0.33346125392927184
0.10965590305747124
0.8720270445975941
0.3557433749598186
0.16583737226270673
0.5212608804632991
0.5736319789269425
0.7604432592315529
0.5742222661271044
0.6807365062253619
0.5105240474596656
0.8036227704231845
0.47861884003139765
0.1518266854422887
0.13025327274244777
0.6378789035338172
0.7785591280292425
0.03405403154931088
0.28348224707931396
0.6664953961094737
0.6564510586561826
0.8895798849761509
0.7239578960112051
0.060035176786399747
0.6616454583123148
0.07598864575787698
0.9272093229818223
0.5899717110622255
0.19304297013411179
0.7394667898097452
0.8150818751590797
0.30781800940704335
0.3660438011417381
0.1647985129986719
0.9040530636004093
0.9425486411306606
0.33564192478773003
0.1277510391925256
0.23265147633171426
0.7681193212278644
0.36033464663391096
0.07714994267591972
0.48632864402589465
0.19900353011574512
0.7527812416332726
0.2426559341669571
0.6266820179369847
0.44830048591535776
0.8646172191651318
0.02487052903431841
0.32129124222173144
0.39843897847123205
0.5755011512507286
0.6251376808553286
0.6099396894977822
0.03855567164610576
0.4594769348882579
0.6671478641307569
0.4250245202715647
0.38155040469840296
0.3151326313859476
0.35830347863275525
0.31288159605538035
0.2476667461380418
0.5533520135067127
0.5892144319262537
0.8473994126458111
0.5998923512698024
0.8517087039408591
0.7927403576465188
0.6086168574613914
0.4076457378508182
0.7627117186495238
0.24449208661810953
0.2148362568685248
0.853960325330831
0.5245304891964844
0.13361519140006714
0.3026062079242465
0.9985268866801899
0.282598700866927
0.49118957370777266
0.13030734207566427
0.4767874052489662
0.9622365032440994
0.8238494408207612
0.5070730853115504
0.8463144954701914
0.05881300827842502
0.820883265748003
0.08269130412717206
0.8394809907689705
0.4921597693649129
0.15936236610874066
0.31264308133827706
0.65724183400375
0.2983562010422057
0.5587983701121827
0.30203705648870316
0.4568647938883906