0.4651379879778496
0.5786936160409641
0.7674122585175392
0.6733686410099653
0.24534495182491836
0.6167932179425326
0.49221345086073726
0.6731879345579969
0.03805511935245938
0.9213989833121062
0.6975860654877041
0.7202868037513589
0.902531928503546
0.9951669025311505
0.691200184987766
0.2612331580855894
0.39561428692905404
0.8320286946141519
0.8452133767318748
0.4512610641166748
0.12418316275643687
0.7960633244418974
0.5131000187631888
0.35949779108022045
0.7068934622511918
0.2401623844950878
0.25171106822995204
0.9998381889395279
1.000072407755074
0.835853214061655
0.4033913977499366
0.3214711854952565
0.557994182521791
0.9781092213832885
0.8196091204433446
0.9416474892208071
0.789655295151466
0.9572454936897175
0.6138088392597811
0.9222376303060396
0.8474350582637126
0.7934326421647803
0.9635370328433167
0.3301741821765118
0.7991207285638655
0.341060329498556
0.1664853322138206
0.5051075040369223
0.5715291803081978
0.845238951554895
0.5799057159530511
0.4869525972429485
0.4000147840183992
0.21100299164128986
0.5685648405949316
0.934578041448864
0.3521887530906609
0.3697489844230926
0.20589516686637924
0.007807626461184483
0.8855341854568126
0.4395634157920208
0.4495723059366956
0.2631459040345492
0.7549998088748185
0.5562519323723505
0.47914062812994324
0.7154847442300958
0.9992728896765171
0.5892888699071573
0.9554553459420162
0.0991699680572453
1.0000049853929833
0.7919392258836836
0.4865992793218798
0.7776724481427365
0.48054284725630236
0.9061752388963445
0.15615810392253268
0.9929187860119867
0.4021893198743529
0.0180075441327091
0.8630026304377428
0.471914218141455
0.8691648558381421
0.9292975845183541
0.6209212146733389
0.6948383075999168
0.005908890551471076
0.5423958103429721
0.5390287271517097
0.42987639476504697
0.3330094086167836
0.8573349858385848
0.9004179016501693
0.418092310861667
0.17545801296585103
0.8923444929882579
0.7695900285739976
0.17076093206375406
0.3899011428171433
0.9048723236441868
0.14231602041276167
0.6261155606226902
0.23920317861403814
0.4032554681818749
0.8222975175126708
0.7729444048936955
0.9710548242123639
0.07942701718196453
0.7137425304413872
0.9394446163722495
0.9328212319828928
0.8797842183536461
0.7146198780964388
0.03923700208904376
0.9951497992512204
0.9597969473239935
0.8880868604356187
0.8711839497277646
0.9395777566991746
0.9933537248085577
0.7006546780208308
0.4820796010432284
0.009224391452396003
0.9716812209933777
0.9882993213507909
0.21847620965297065
0.11166350692362544
0.9952722749802974
0.9178701079216368
0.9591265569363262
0.9965902716307274
0.7211958074003882
0.9646480762776205
0.9595839907801751
0.23919172140435482
0.9662652087058978
0.9173047431647497
0.7885878733739186
0.6905053157507423
0.5262409905484786
0.9260097423845828
0.20316300427792008
0.8596266775376209
0.6580863465322765
0.4089853295920835
0.556241425895337
0.9150704664850928
0.6095471055025972
0.466673361344532
0.9999163728584575
0.7111562244650823
0.08140092896361258
0.40358487248514363
0.7210406531255387
0.6313303109251791
0.006073612738431406
0.5237741707578141
0.6607311258529864
0.6436784142121204
0.6070378569551489
0.23604826076366678
0.05109644813370563
0.987299356008564
0.7009137472442901
0.19349755077312122
0.9970210219982903
0.17757750567271008
0.10847972197756056
0.3321503418313198
0.9985524474053008
0.8363990652333345
0.9723804954697891
0.06546442595244274
0.4624793973857231
0.8447478226780838
0.902701313074119
0.7394002444374269
0.6135027694526892
0.9830794926790207
0.8589137298995588
0.982446919020801
0.8928657633756911
0.2535433135819636
0.7808969706317217
0.8927586503535064
0.7136667101863788
0.5336886669547708
0.9830207055853518
0.5656553389445206
0.890492222331414
0.004685612614038044
0.9445989012033547
0.954563326910096
0.9655967911670152
0.5082290285804252
0.9760817916944092
0.8106998200819141
0.013785094178718475
0.9899926920161637
0.25862281657487524
0.8078798318944033
0.6210110932559229
0.9514523875467079
0.8611950050973806
0.699551429372703
0.5433442121047968
0.6673671579686529
0.030481561199915668
0.45860297911940656
0.46673518015359916
0.47237244201839074
0.9638944462555509
0.49654506393220366
0.9786521368106915
0.1630344009231313
0.568757404719371
0.6735073612060557
0.4685673251560435
0.8460804096836984
0.13112112506107212
0.23911491568099125
0.8049084738753918
0.6628321517251943
0.5882637078004376
0.7169880917806294
0.7246653597870943
0.9285067835640285
0.9911298896001483
0.26619634369264755
0.9745416985047601
0.047031982374918645
0.4528748358898118
0.3791641108144367
0.7488590280262845
0.25294986271072484
0.9938226239461004
0.5844067379923433
0.23862609856002534
0.2527259922424689
0.29076726058705155
0.34908249295147886
0.8669896576565007
0.9631772265378893
0.8325620729333105
0.06784925643280441
0.46629144708872056
0.9989651192760337
0.9624433868619072
0.6799256439874949
0.4397351921876173
0.972363602004815
0.5640319448490221
0.7762880573940771
0.7811288809511029
0.4508127760065834
0.9722616135082243
0.8912220938864793
0.9882118597961114
0.5933313846006661
0.08540044165092793
0.3411405719962703
0.9880637662643924
0.8753386018978191
0.3436004604673532
0.40705594165095715
0.21297638583948353
0.9909676065962147
0.5736930945753507
0.9813596554184236
0.5312452325309039
0.97830364495142
0.983866070866076
0.9207549623636139
0.1450098372214955
0.4548557939604683
0.8121765441254515
0.6136562796116591
0.9174308434231825
0.9775035590094656
0.05505238277485463
0.8343375694964177
0.13844377052639226
0.9887709140478883
0.8227272022942884
0.6291672054249429
0.7786901620468462
0.9604502286888456
0.874571049430954
0.11488795304528535
0.9789388139849161
0.9824301084755866
0.9703387169670983
0.9865276019001884
0.987013511564554
0.28421888540251633
0.3323413132555914
0.96299661968329
0.4260811436385839
0.9839472812683494
0.9098783556906499
0.23470682403542334
0.8908607492787813
0.6079407902677538
0.5958860565366396
0.3879523177645215
0.980778203612524
0.2491288074863329
0.9743070684635082
0.9510008792006335
0.5701508194795677
0.6263203974430893
0.9610521289583627
0.768936630274253
0.6338965630806123
0.8882252017893887
0.5412377585240787
0.2175421962912219
0.860341106924644
0.7912275112890442
0.9696950315811351
0.8763968756366247
0.7494580309196841
0.684171092693895
0.4516691714191122
0.9440850605038372
0.6630972420989062
0.8891152597202693
0.766343682522931
0.895581594635302
0.9443881894109477
0.03044572536453786
0.6680539350559621
0.1493276134469126
0.9987584186565839
0.9777472598890092
0.9973494367350506
0.9998436909168205
0.7824305973614599
0.26832544498213234
0.9883882940261502
0.5776323520497404
0.8127439124572368
0.7796005248535464
0.9100799431263048
0.6175638851446691
0.4321647553068189
0.9088408470958729
0.8034693582614533
0.3288689494188303
0.8428912793771762
0.4015037986670543
0.668478058957196
0.20734096697045304
0.9313576676642868
0.8844182640135637
0.07437596946297269
0.9351788400207688
0.8069323976017936
0.7971135928646482
0.29856852882344126
0.8802924173056481
0.9655231307741803
0.07229048509187869
0.9684412901670125
0.9466119129910932
0.9997113456515784
0.9983711620777515
0.8922666393615883
0.7746038393615695
0.9999849767058265
0.860455821229084
0.9187672390246595
0.5872799296251349
0.6677726348296111
0.19553387755993035
0.05707973467662143
0.656379502181614
0.9637143329143638
0.48949915202807553
0.6990551436487548
0.9398020850798694
0.4777799635630221
0.5570238269723343
0.989908355302624
0.042685465615493294
0.429836029012679
0.9003310936295846
0.9972340394142685
0.8917448884801447
0.09614836095247035
0.7009072986338514
0.9772660384958366
0.10638773269068315
0.9988487683044367
0.6929216279244587
0.609001812009104
0.11643305178941904
0.8643203849926352
0.9997341671348934
0.7964360823056879
0.41830574636942547
0.8661048859678546
0.05666922195900141
0.9666283035107519
0.9796413057866322
0.9218104512631081
0.35013998256095635
0.595195998758867
0.6896999972365193
0.6211777930111392
0.9937624944081446
0.6535837622206804
0.13473306723419942
0.8977810142640631
0.52137749814308
0.5201740422680192
0.8617685523104344
0.8406847615638965
0.9910807447327463
0.86592480357803
0.9150451556275221
0.6374593517820587
0.7244650185567214
0.8494531897460481
0.7477324108572295
0.9820680502012543
0.7604156590570126
0.28385785134258845
0.8613837723182727
0.4505082791651003
0.9985015598376015
0.8837225858685085
0.9743714012439672
0.626096412591649
0.9102975658412129
0.8292887150771895
0.5465883750391154
0.777491594785218
0.2779072880164707
0.1770882177210242
0.4333925236129384
0.19934024583215385
0.9344835140239611
0.9385558605392107
0.6045296615570164
0.27914710324934155
0.173418561526806
0.47200487796982155
0.7286061911546312
0.5083634346836066
0.9819554070330896
0.9633517606396457
0.6185071518120226
0.9969229162395493
0.635135453759276
0.42100879046080625
0.5412300924651187
0.9957236816077428
0.6759690973503603
0.7782415720049085
0.18972894656676043
0.7752471436454652
0.8052593043342807
0.9630041065538331
0.10873221060403009
0.8044502311178364
0.9990748988514685
0.9618899104540423
0.6791681827460551
0.9688680751147818
0.7135995401590829
0.9821584410977584
0.8580698436754838
0.8493811535288872
0.8274387111216316
0.9158577476942885
0.9892330827623053
0.6342206939897477
0.3692438998060745
0.6108395472823807
0.33999449523365466
0.5987080111341401
0.2839586997793275
0.2576403851998152
0.8374979696772308
0.40647274661327465
0.8621659699530109
0.3323453492442799
0.8043315046043618
0.5677115548808432
0.5705512222914665
0.9668010080271278
0.99796578920466
0.7565968294549626
0.9989521213777074
0.9153900370007441
0.11081037341369475
0.7710856258715895
0.27829222703827516
0.8977489385994829
0.5786483501370694
0.9958998679654483
0.999861049362987
0.9855304408693296
0.6225196538634076
0.8080361367436284
0.44481102302558834
0.11941356099165083
0.17808863995773033
0.5987992785553987
0.9443311965171683
0.6054246253812312
0.6784975514020679
0.7490237750283778
0.6873474984196614
0.9304035148522394
0.7527146556944867
0.45587539338150496
0.7309765130665615
0.279314927239332
0.04426548633763293
0.9886603105672365
0.6016003879280226
0.9358743207117749
0.5082274206231476
0.9736809357785137
0.4574869256847653
0.11281855262097817
0.8790339745304826
0.011488768495982418
0.9899702926669492
0.20579891545618126
0.2878668437774666
0.8263865289504164
0.6398704093627691
0.9725093750827917
0.1297431895295724
0.48685563146063143
0.9631313167881561
0.9573834234087341
0.8244083867022368
0.0011304577527920328
0.41568529642459917
0.6939486476796379
0.7135375854078249
0.313210120659802
0.9676452033908358
0.9989418837122476
0.9847961346473845
1.0000447779983774
0.804300439491966
0.5798022836930264
0.5771941881500299
0.6544766808296473
0.8587589781264445
0.9930210776665971
0.4633860952530598
0.916397485311467
0.19014412940481062
0.47802908534904237
0.18411401877078507
0.9455006706814667
0.395130636455963
0.3967029152000806
0.9048696310584188
0.9637981525107671
0.9940541609695145
0.9023347520349904
0.15665647108823252
0.7960688941594022
0.9442612118859578
0.7491168978072479
0.9727616090448074
0.948678493497512
0.10136676804590275
0.9053495446416883
0.6192049652913029
0.43920694727939136
0.8897133924894365
0.937030487815261
0.9647781094640281
0.8315453829420434
0.9990396144651795
0.33766203818169865
0.9908301874774775
0.11937809563137114
0.9986613586292226
0.38839622646524474
0.5745700212961928
0.5290185178114704
0.7696617963565843
0.9216740967883953
0.6699431032630394
0.4281464493627267
0.8487454821460492
0.319355750356862
0.5055060472698366
0.46219530753357224
0.7024903597045257
0.09040135798576447
0.9992480446970547
0.7882224601629001
0.9660672446423848
0.9987043082379627
0.8646954759184196
0.41174798498711035
0.7106775955636276
0.03161489776429722
0.9979396866994289
0.9221358062057109
0.3420573501037551
0.9756375633296344
0.7828130875395236
0.32439871461195974
0.6633383241312424
0.9731922859164551
0.12536363659442687
0.9991475866285537
0.9349721400356448
0.5290741804950714
0.9733935807441814
0.9505649271657066
0.9923017393855701
0.8165158622922303
0.6156316516874857
0.8353288990100843
0.9221240146830386
0.395258390150364
0.9964649340538959
0.9994301420128244
0.9065702278868815
0.7059328032404224
0.3928429982273842
0.8912271029723644
0.8120068647473376
0.153040124128778
0.9890625583605424
0.46049768018858755
0.47392798742134834
0.9496833516095213
0.9998491560452979
0.9228418582540165
0.4030407725394702
0.9844988708550078
0.7582699032196638
0.11169879001176697
0.9811990829493236
0.35209381554328606
0.8240094547077148
0.8145444181232764
0.29022433088352734
0.9989546037576864
0.9622836944409943
0.9906201514916584
0.9759575803884948
0.5143292115985669
0.6381464683227421
0.1628375450575754
0.7575253260386873
0.9922128606658789
0.2109901418613733
0.7054920472090715
0.972540589348413
0.729061691916476
0.8178694145363412
0.07012828149357041
0.04413377829429537
0.2391559695752507
0.43177468292654103
0.24102659816000224
0.9880116403433469
0.2982763639313788
0.8137060410182285
0.9594719621140775
0.8355270456156887
0.9745737224579162
0.14170577923917746
0.9790362428582934
0.8836533232935792
0.21640497197970335
0.9327570645586208
0.285080649012383
0.06566319081119197
0.958460602253764
0.7994318701466098
0.8006293803713265
0.7871250988038179
0.9342172914675019
0.4072704774607644
0.9741862625936993
0.9901934387409527
0.15039240599002218
0.15343010522515632
0.7583563670839886
0.9937411753186083
0.9228791211213374
0.5538255712782301
0.8790365745189737
0.7776141810768092
0.9694902531122424
0.9698048242699562
0.6835356071903029
0.3245904913156528
0.9106466894286434
0.9257645293973359
0.5063082764867506
0.7076277230555413
0.9006764371484864
0.9997671726598809
0.8469217659442356
0.4500248739719592
0.9231888223761093
0.970288811197866
0.9907193046367847
0.9913944487920382
0.9995902918304691
0.4471406464905722
0.8379536312482997
0.1785877332050576
0.15291564479453232
0.5232672318859208
0.713971082275416
0.6071626741773676
0.7723123573276514
0.9573469490686601
0.1566851723343477
0.7430216260327439
0.8760059808586915
0.2089392553260691
0.18926708716374385
0.8774614262259844
0.5588612413414702
0.6664003696355535
0.29245176154298314
0.8806026441143872
0.6146667125540342
0.2544403618965386
0.9558442257392952
0.6278199474429926
0.6051860551300792
0.4266543413208864
0.8856202382164325
0.35215272302908923
0.9995355324647691
0.3804339362560283
0.9934421648767026
0.9214507359655696
0.4109593633973118
0.9793306466095577
0.9965514277791521
0.8295088220603704
0.49445889926901515
0.9601421756346377
0.2243285546792247
0.6617160194144504
0.3204680159976882
0.9729311875650356
0.25274384847323617
0.9999795282700503
0.393749602062245
0.8742989184614499
0.9186853534361662
0.9823018602428647
0.02193973907297521
0.9534056659933614
0.5813746462705579
0.1930004119381813
0.8929772020475012
0.9905298839496334
0.9114961201949301
0.9480416453224395
0.7732069629391624
0.9177031686051051
0.9833714361086583
0.21286472479049764
0.5751434287626171
0.9507021850243735
0.9525926046908867
0.1928839386634161
0.7641378759651516
0.4051489354119366
0.5849082272743532
0.20191889201225313
0.999253244430222
0.9034997609616434
0.9996099725226417
0.9450809676532559
0.9930773640615275
0.7721944698930724
0.9921596522972665
0.6215270072039688
0.7243142654001932
0.446782222274717
0.696063186137437
0.5077172347936028
0.1282881449356128
0.009697867687779034
0.5128664079457047
0.7236691214302513
0.5988164676073949
0.8577538880795682
0.9383680330604379
0.9981018543763475
0.025986842913864692
0.3229372895054639
0.5408800391389291
0.605453779189586
0.0697195470271982
0.13744432222998643
0.9583451564970251
0.26164101595944445
0.29497512550858096
0.5599769724295083
0.9689479445465939
0.9770163629041718
0.29789908383052016
0.5629564448486126
0.35663763383178704
0.9512763321588309
0.27780313218768576
0.783823861358753
0.9943149653694292
0.8443100218797488
0.9265922609286097
0.6701725825215276
0.6524063694550014
0.4118562217280504
0.5846137507321276
0.9969017019713009
0.8342271753387022
0.08989030468351165
0.6292706943405783
0.6998301965143755
0.5883784664801769
0.27343073265818557
0.2555299814439682
0.2180885996171673
0.9568524969554119
0.8294446596642355
0.4665721967483923
0.2859281828728854
0.8348422596253987
0.9673605146067954
0.8936306904640671
0.40898764781108904
0.6555908370779923
0.7129614744968609
0.9268055267497801
0.6533407882042105
0.8027125192003252
0.10639863153722236
0.8380966310629704
0.8745760763711111
0.08430725361548726
0.97872181317899
0.9219028001454629
0.9588125963627816
0.9582403448016895
0.4290145033950492
0.5620264238767296
0.05110086580257179
0.3063471131755298
0.9866116465919836
0.8769595520062744
0.8679907333775958
0.9244146257897834
0.8960051792226297
0.45728060063057424
0.307281930721894
0.9331640890863313
0.8928409580564701
0.27552348032878615
0.770032715676193
0.6124241131647544
0.47221091101552676
0.8177425203382525
0.6216676293464417
0.30833160318026764
0.20681998915828875
0.8556309013784741
0.9949814758592005
0.3805736753379277
0.9049664193028166
0.8566947608012428
0.9429481448153888
0.9988957675016772
0.8822620379645334
0.5748322151318545
0.5708237149697037
0.8123754514304417
0.3408923413278671
0.7675283923280968
0.9096122244490136
0.9913487716452842
0.9118429092148214
0.5432655311876176
0.48353252252033957
0.8028492249662167
0.7514429414733256
0.20281778178255178
0.7961061917380282
0.7751783560474955
0.8535846026949052
0.9805292502898916
0.7462683769854767
0.7340108252394508
0.9606753659003645
0.9456771603418538
0.9996755007714678
0.6117952531641712
0.999481280611006
0.8220907303509541
0.4649339833028193
0.9793654218527055
0.48030822477946084
0.6478166186928993
0.9220823974902855
0.9664943257254927
0.9017766887762363
0.18773752735941227
0.8194510569847816
0.4108141801574354
0.9668533435474295
0.7442879848683963
0.5001422557317233
0.9635418943384464
0.3743300056899657
0.21158082343434817
0.3971850909839774
0.9555007161124194
0.9811148518776578
0.869437317225126
0.5733918099351814
0.4896086274055349
0.915777810550393
0.8127497755259719
0.8584961790941735
0.9223437074687005
0.2219641473464024
0.28549037371450947
0.6938961246277596
0.2313593619554219
0.930951581578434
0.8047358600297335
0.9190728687228601
0.6473375080367708
0.8339640133977743
0.5416985340227624
0.9654563257607318
0.9779295355114235
0.85606623204514
0.0890167524166646
0.01515353988294692
0.4365125023694815
0.9840262372558898
0.915126573284345
0.9024759942749419
0.9835718888180851
0.8262895014922376
0.5993459504210689
0.8974928422016561
0.33956329940965996
0.9968983028589143
0.8808396349840185
0.3864632573332655
0.6052201033751423
0.7470170549908527
0.6386883086065744
0.10096992381058534
0.13225794437493976
0.07748588192285273
0.6500052024822788
0.11658366872218823
0.38287824314303237
0.9972451292946105
0.8303200786461203
0.9423433759733512
0.4638822448099763
0.8482220796640064
0.9980156753894692
0.2368951557119435
0.9913752999161318
0.5772849575157588
0.880775068126746
1.0000927714200532
0.23984306524166338
0.41930649169008544
0.20373496946647213
0.7732875919581077
0.582561043996336
0.9988988649734212
0.8660591935463765
0.8825517429834373
0.8925099710960146
0.74777479361348
0.543768340029585
0.041573563642031755
0.004380979576718923