0.8499602868186245
0.49393342806104046
0.10728867279816327
0.4899544067200049
0.5956417345199587
0.30311233627930795
0.05096217254562792
0.831304278488765
0.6762162914437508
0.3549975124521401
0.862982901987508
0.9064829906070689
0.5661372947499448
0.565832414894154
0.9404092540858526
0.361088345891197
0.9573077116005073
0.6756757924869844
0.4197294582090046
0.6028652119460084
0.7445262515526724
0.3639232394914744
0.9996542964618388
0.7327018553350263
0.9447563015768327
0.24732025664285304
0.3045916564163358
0.5001962694915268
0.5011632510406417
0.3319653280736085
0.8052435040704896
0.06603737998965444
0.33577363457241627
0.4110738190731532
0.772808216557592
0.6793068083110427
0.8708361334351701
0.3891130577168154
0.043955738451315805
0.4391267479386791
0.7334068419933775
0.16764226263206422
0.4563596776979114
0.42276912552831414
0.22575122944511183
0.08467078490164984
0.6539120134543926
0.12436783863843424
0.44739302022031485
0.2988255285559698
0.1097083435050689
0.027274472853731104
0.5134202612536723
0.39102974101906096
0.49213543716138825
0.3331655080371976
0.960306113240047
0.9804801119921547
0.10243972462350502
0.4244427851352392
0.442052384518787
0.6230509713468513
0.924434781244789
0.06213359198460998
0.8624594332066988
0.9509632557929872
0.8961670910949449
0.5332796919143229
0.5083297388154213
0.8885492872692499
0.6634611182158948
0.21005013627725733
0.5024552285624176
0.5156062734646765
0.5430500036240096
0.6540007593091564
0.9721155012059881
0.36443476081237836
0.6847612903946241
0.4672424023173254
0.12580674858098626
0.3745264534361796
0.38714446398466396
0.957216114548905
0.19088961697627918
0.5851116645811426
0.16991922655563363
0.8706688862685673
0.44672298391503984
0.7979536477074345
0.11147480140284359
0.2019534311587592
0.03199980321894416
0.1505806965149828
0.7354032955209377
0.6594713156088715
0.8692826165271843
0.4802048184279817
0.7735756070323903
0.8630914902791499
0.9222249829472743
0.35051097685618604
0.8404511915390951
0.4611241688607643
0.8563471920413265
0.4241715346179871
0.25466721631579115
0.4612307167168734
0.5851026975541249
0.6211131949303618
0.9493537115775746
0.621062509478441
0.29224293544495394
0.5741806486049842
0.9472284564424284
0.4067451024925232
0.4873883409260735
0.32717422078098
0.6901259836142704
0.5381505974634089
0.5828003520495242
0.577086500319295
0.19320036332577192
0.6955147464636177
0.4339625074523068
0.664691924453885
0.5144639707110799
0.41229016664524987
0.5022178073872273
0.5467717957682772
0.3793356417315371
0.3330071157436986
0.48797017626608963
0.1695063846229772
0.4299618445519347
0.5981726771648518
0.28086562465770887
0.4555452725858276
0.22852301033962194
0.7543768674626827
0.15940030471578617
0.42821746416964285
0.49253851584214525
0.11204931591488015
0.15334741639122296
0.41228200141382654
0.7084713346057063
0.9154472459500577
0.39708508130505504
0.8354427581421535
0.9400600907108947
0.5007820326028294
0.612108977020252
0.5953869377972048
0.6795117769609453
0.056559844218473376
0.3269117950654244
0.5279141286786917
0.5266088110652533
0.7809963701567902
0.1159484903016945
0.40292497646970615
0.2615216025244258
0.2825997982988391
0.3889896487337918
0.14872008085284377
0.14940402149950402
0.4525903692159874
0.804152221731723
0.7837533727161018
0.5649142622741744
0.48868685614145735
0.671637064585148
0.4030285937600197
0.513699500658095
0.06329924172277995
0.2025910447619541
0.29550969983004166
0.9201665600783625
0.10150119480409364
0.5775256291078681
0.3743255173405766
0.6230371023520135
0.2743924133570805
0.5128448450590108
0.13951488265748943
0.39811433120981454
0.7511718994313937
0.808847759827027
0.42251403292810774
0.01706472474928559
0.40965493098000694
0.4353566071481674
0.28508752179219526
0.5840177793514327
0.4543989003736111
0.6012632439867002
0.49190211275937185
0.8050074153364716
0.6166645260788757
0.44353397710062387
0.8633312379948685
0.10878614182580473
0.8892965076944174
0.4090641440444104
0.5526063493878743
0.8025044512039864
0.8688279785874994
0.49678842403739354
0.445670413281703
0.25102713317076913
0.9308984745847343
0.5163541085725165
0.48676154334705235
0.6621481895457363
0.4861398998575138
0.8078423199510814
0.7283574772984507
0.8402481959360305
0.6393464547401705
0.1841112402499963
0.8051355006372819
0.15898354443208354
0.5834498701603138
0.9317900583041808
0.6518355683362335
0.22986225699590487
0.7118356137474112
0.3715183409589687
0.5721051744350748
0.5689151416006418
0.5680268637287971
0.2918692117304866
0.2920457257584266
0.05366443177416837
0.45972798127937864
0.06963391179591247
0.44418258952671
0.9130807984406242
0.07388628440000033
0.19064143256378294
0.241737911269256
0.6152647464457487
0.8394757130756054
0.6545685009871118
0.24989480995588056
0.43137643464967657
0.5894778841069509
0.4715423567462188
0.6766981968104501
0.40797619590213763
0.703024424913271
0.6336217109163761
0.8402112690631913
0.15433452603295456
0.21529671290137753
0.006501862055438063
0.35117375873781626
0.3261542902711495
0.5876345688241139
0.07531694154569883
0.22427445299888008
0.864750068204607
0.5998775659427442
0.7300229963524673
0.9669981281413276
0.7887597067250035
0.8841433343178803
0.5932642381596867
0.062305480366192094
0.47275078126659714
0.8307616315144082
0.5946122871787406
0.40004736648787775
0.51140663810285
0.6177465371800827
0.10735665206920442
0.11224120372957369
0.8219649002147653
0.44590216748283334
0.38376488852863705
0.4564906987021992
0.6301874263941785
0.8449359939939577
0.4443320251053559
0.14447296538262444
0.3819980060361756
0.3874951540019619
0.44261902001805076
0.2668426267547488
0.8103055635113509
0.5239942904847047
0.4755499556924048
0.4536700525543302
0.5513008344583498
0.5888812154564543
0.3450210872665484
0.1567637897392733
0.6886454428727057
0.9389706616612216
0.4766488372272443
0.7522553380145405
0.28974681297291077
0.6805174888266393
0.9480606811387539
0.7873351743748498
0.6206137418422307
0.49039276602425963
0.24369970533590243
0.47752386003134484
0.5947283948022316
0.7953949581878669
0.462760421541988
0.3082510276432709
0.7009599916524043
0.9605366317634833
0.18646647816359224
0.7343823683976928
0.08798772585282275
0.6893791108201969
0.6002033295763072
0.48223578642079834
0.5349344243443647
0.6280887854737847
0.39701672674443705
0.9759053734628842
0.3531701775088334
0.518157984752636
0.7989217119256898
0.8076347828709982
0.6169021515836707
0.4781928806051424
0.5762890655329446
0.31857678901090725
0.15004333781819562
0.5209081698989632
0.4144754859163818
0.5164508945776242
0.4961794391863448
0.7592566966628235
0.2106511748336395
0.5618801838921275
0.06612412397910201
0.18550832750745025
0.7036744255286038
0.24936129896975046
0.5700941673580292
0.9850196561232097
0.35759384104565134
0.8280146821858684
0.6652626474346983
0.8589665868161704
0.5833048924118258
0.8128451167517665
0.10588500314837582
0.49000893610500157
0.21802689648437415
0.4676031388802529
0.6081978543399111
0.22494357737689058
0.50269834838556
0.9467043508506421
0.23040517283942913
0.35472332983942256
0.24310072083670578
0.3252397205977253
0.38562349099488386
0.5027051548393265
0.4734824944036458
0.4020160698119997
0.10544625584793631
0.5048041544740967
0.8252365025312454
0.7120879235391575
0.7120244259628462
0.16104627170437774
0.1074807794569423
0.5340742664181506
0.2607564596756332
0.5762086294375814
0.21080481975161866
0.7794760843926478
0.5880828611817113
0.5798611167228245
0.08770666388326015
0.4924973465668175
0.6994656720252904
0.3151491309528701
0.7137131856163432
0.5411936165577027
0.7311379965070405
0.6533931718058926
0.9393095285038453
0.5895746321782059
0.7077929665810161
0.4878768290191481
0.1838154425168495
0.9707967272829274
0.43315546185903947
0.7068521785416629
0.49610483392116145
0.8655656771286374
0.9840778585819511
0.47459789648965645
0.7314182326684365
0.43517039867175955
0.5399890898006166
0.6356753497972405
0.19449632780455278
0.014638397640292282
0.4408008512725565
0.4358045797851585
0.4501392269467524
0.5019906393033086
0.7365777611558137
0.7156229876340127
0.914661979282728
0.0746739070374762
0.4108688745923068
0.49188239892845526
0.40599295703084215
0.7641474525175667
0.49656654598779065
0.9341176988470836
0.866528534945369
0.7525207843409999
0.17305686768763923
0.5493061403046157
0.5872614390697146
0.05021570873084756
0.43040068075765026
0.8832833891622444
0.46474719089758315
0.8185250249779203
0.5346132161642
0.2923472327390172
0.7214884802316575
0.5957433490955321
0.7863847852112225
0.08515982933253544
0.5422823448836415
0.793715854885237
0.6349472886740417
0.5510713389586178
0.34574612910131486
0.5759917715009303
0.9048716928379072
0.6110991064814157
0.28401350111615964
0.9907261118946654
0.22641967174029212
0.0565685512088198
0.6297586499505535
0.538047192976879
0.04996209063618633
0.486235805426714
0.038936813092778876
0.17674907566772904
0.06919513556296522
0.4910091446782725
0.36920047501323466
0.6342348126248567
0.14468252696100958
0.22684062196895727
0.10758160655314052
0.5956454319756895
0.22452194358177244
0.4466861361287023
0.46719966584689687
0.647377104657507
0.7503651949204996
0.46080615126371127
0.6615805077426362
0.4491461236584645
0.3693408907804793
0.8528155840705243
0.257729444143293
0.40879666388926733
0.6024472285670122
0.9676394911318116
0.7040562166754636
0.9709747881672546
0.24228280320355186
0.982911058641328
0.8096777429263998
0.6438770807015582
0.8221914864158809
0.6205150595459465
0.7979537069524556
0.5695870339442464
0.8958356235202017
0.24087112200820976
0.9401340476216183
0.6175319430409493
0.518092909357037
0.6679605578604507
0.5127203537150161
0.6928029199454505
0.7631335736352661
0.7959188806070833
0.6023270515722717
0.49747084558519505
0.9659170900196706
0.5437791029070864
0.5037735130808773
0.38865309570500484
0.7532027176326563
0.28164753071155113
0.061547129766903054
0.6604442718877882
0.11969492055645885
0.9095517193981056
0.6377536024104333
0.06258909828740217
0.31495913220182736
0.26577770697535796
0.8641352653610817
0.5284777703230596
0.30327480765395853
0.9951832588458729
0.31466419982363664
0.41548522093615664
0.6964924230042856
0.46108548829171514
0.027411035888886486
0.6318437835933385
0.509547254490772
0.6341835221682427
0.9194032437608134
0.21903360936644367
0.7358808095555225
0.4185318084542544
0.4929164421343104
0.5319972156825384
0.9452609600994296
0.3030371759642123
0.9092019848813703
0.6034341434678673
0.3868657387267039
0.000050248863652142204
0.6121063037080077
0.4286165207360714
0.8749751809639753
0.46690753062701285
0.310273318685284
0.9495203368180567
0.8256809933619242
0.35009990138965624
0.4221371156121722
0.5044924685014376
0.5950384504547322
0.4994962345247182
0.1406656272249156
0.9682188509136764
0.9560598263437785
0.8207450048974663
0.7042259732538736
0.5367470817265084
0.9965359787844269
0.3617090756153344
0.8382380312847441
0.3261099660298629
0.7566420327584229
0.7195441023989241
0.23958706093940765
0.36091365028549743
0.7636208565376096
0.6530188292173496
0.44104845357897465
0.7870094972372997
0.40681735484705106
0.305203328127856
0.32341625522810785
0.8206525680234551
0.48072738051699254
0.39844186172599105
0.5082400402722954
0.7738634479274468
0.702828805307294
0.20386460599303813
0.744968739074256
0.5017668974483699
0.5815316001351997
0.5842787851057798
0.5065010458518963
0.7108183245001027
0.44399518406456795
0.20958760578206256
0.5022353810444757
0.07845959753814047
0.7758115834159759
0.06286962803003425
0.6717537967186149
0.6825282330740852
0.05684713360209989
0.6331980833586962
0.6691112936722473
0.4000550846318894
0.3165716722793633
0.002288038886345289
0.9571017601771289
0.6778663894185873
0.490032880951112
0.6290588754434643
0.5450663630256123
0.5211695686943172
0.28564474962817976
0.8772153481048147
0.05019573367142419
0.43312318034644653
0.5214325990575532
0.32719626982375355
0.4488049518070644
0.6433308665698172
0.38724209160984874
0.4664248131777159
0.9644137484734223
0.6174210986445116
0.4952425914399135
0.4882058818643075
0.2773157029683121
0.9814321513210642
0.4970003778427606
0.4131284773003455
0.4892003062394023
0.3665503602071982
0.9855970608302935
0.5762091272982409
0.6436856278037046
0.7570063271172482
0.4517040364977484
0.49021867600258107
0.5882901039236381
0.17935565261591885
0.37359291657409743
0.5120627194806694
0.4150278467233767
0.8593471750080931
0.5267369982445017
0.9893908336258973
0.9527321488677728
0.2818292035862775
0.503301492219016
0.6412246024910118
0.8957185746703641
0.5965676934317977
0.9125296970456447
0.3585996061070014
0.5919778345170468
0.6711917915376584
0.15764600903102302
0.18512937010780742
0.060695974650693374
0.5011533085870498
0.549456409592743
0.5964409078528077
0.3943996674221319
0.07946561445000853
0.6163895086701631
0.25022334513620054
0.8609879732426093
0.579604270288783
0.17614158536530464
0.5987870699195337
0.44451385698773493
0.16546498102172574
0.3218028506058947
0.24524293246112244
0.7053901230651888
0.7165232190382823
0.0410163538142965
0.6087249940327736
0.4723637047651356
0.20280522042467639
0.15181588249925956
0.4257659969561901
0.24631136195515643
0.5753785388437033
0.7074286499662638
0.45280337013687233
0.4197664256289385
0.6886699019737504
0.5292587126297262
0.4489796474489767
0.7468489608121034
0.43137387627839696
0.3680453879122079
0.39967799487585404
0.26839642850732354
0.2531750430962725
0.010072109262706682
0.502427369407276
0.4168601278450227
0.18683840578952432
0.5899934585544541
0.3806434804741718
0.5547345661304997
0.2978109570582765
0.012140286235167035
0.26731136289771923
0.8360496569726816
0.5029382701806733
0.35732426992098326
0.8814250529147456
0.8603783556552713
0.5004490908789287
0.593230931279049
0.33505463943505176
0.05397135377224828
0.532219220634101
0.4896410910293205
0.7981531602367249
0.9545233068878428
0.30649694397731514
0.4591483689787949
0.4606071380572344
0.4800152934596229
0.48730926437908584
0.45715604154222805
0.7894911667541323
0.8204144493291692
0.2944831139291011
0.9617737917813949
0.7027032355755551
0.01658577003158888
0.17185381294290394
0.4561266578321387
0.400000036512161
0.8747239443656727
0.3825888502523376
0.10851576779494856
0.8511425255164673
0.8082351382472599
0.9053970279025215
0.3632094816764106
0.35489733726330563
0.46655392620835395
0.05291493797712507
0.07108907535087707
0.6261191399331444
0.49885239368097956
0.9611704498390486
0.7148262816517389
0.2202127676291428
0.4693810142621145
0.5004573955336024
0.8434768194285895
0.509465978818925
0.2751748154197469
0.9008760900635174
0.6302614867242973
0.5089293781042192
0.14055942482929193
0.28328046265568047
0.62201260276677
0.26655063902795206
0.9433613482326744
0.42696028169368677
0.6402309208203434
0.22708309864958373
0.49850554136208136
0.9536279990018853
0.37099761658900127
0.4221982035587292
0.5467007543356796
0.6169057720992632
0.5227917617030735
0.4483383798128512
0.22097124745063068
0.192244955450099
0.5937021617018196
0.4010909774447103
0.2868308488056723
0.903606208751262
0.6981188570813294
0.46412148895378696
0.8927952689163288
0.23922686673328528
0.5728933086781521
0.2874848986045837
0.33789225489667785
0.8586075837827788
0.5469326904151097
0.45937956572649635
0.8001484504430129
0.484988689992739
0.4747591864837769
0.5145338542813758
0.5791827039654389
0.5567417524635535
0.6420592974071343
0.5873451648660988
0.25425142022522396
0.41028558589709907
0.2528763240469587
0.5213828949018086
0.9944926165280815
0.7447774697292739
0.590150445406127
0.13621364087945897
0.3247853819897954
0.13482967581532476
0.6006001049599926
0.619068470952636
0.5031526375590819
0.35741071306688954
0.4702357333216372
0.48448779134342196
0.20854006381802342
0.7521682907212549
0.7417871710110584
0.6761803472714629
0.6981107968988111
0.2024673125028079
0.32539169186667677
0.571679026004956
0.6075277197422931
0.5731389501598242
0.12628735258736767
0.7866902637220985
0.5178555886462236
0.23858807213314537
0.08917483247501379
0.5209951439991782
0.6487543777749386
0.3300161254907104
0.741487377506561
0.5253930203724345
0.007897724180636483
0.18962641890323986
0.4806763004766026
0.13311577503616595
0.2889298520978282
0.2955125740221896
0.14034342665687308
0.02035439718743074
0.05405860725518051
0.3632061257795084
0.9084153526095639
0.3238604088433809
0.8517135114816485
0.9166063194177797
0.27937771393626154
0.24175939672288357
0.4352674388536514
0.6422592189038056
0.7307955547030884
0.9006515213974445
0.8978967156694598
0.42149537142028576
0.17123648928469656
0.16027797154198647
0.488009670275483
0.21325793829035605
0.21978175326259144
0.7336792056211364
0.6210153090149608
0.74182794331772
0.5584879401271162
0.3333204156287232
0.7320366236640179
0.6691527169863376
0.7173486341197906
0.11484045049870636
0.460869793316174
0.17187431166335265
0.7549843654874102
0.7631289395852255
0.7426555214065497
0.10963871389451943
0.0430315848415192
0.7271395029871679
0.6315981527519453
0.9221236520349452
0.26326136487458324
0.8301797979424572
0.3262316703929873
0.7293025758697417
0.8505238039218032
0.9255968485770214
0.09505290588193656
0.7126477343504256
0.4638648889342081
0.06961988490508277
0.6869924964179726
0.8305439784713818
0.3573792151164385
0.5171870553189889
0.5447272104436509
0.9897511984743353
0.35422631407474664
0.29481627369918434
0.6267380811819754
0.38405533078494347
0.23082419634376106
0.5581668577785832
0.37885557856396174
0.9614072766650971
0.9240616978372556
0.4941744074815385
0.10099764158921658
0.5963522976267983
0.34585557876116235
0.8916790702417525
0.6157346627181053
0.6367045177520085
0.07116987828907048
0.8571036963670884
0.6800086117155758
0.6377285597266154
0.48279791628415153
0.11868050673692715
0.48989413667901616
0.6584455166772478
0.16495758690885393
0.46295491133043554
0.9145297531702289
0.6043208348423069
0.34176609665242014
0.5681158218563467
0.7529724811884377
0.47428079667165984
0.8127104796628688
0.27955572969320697
0.5768093514446099
0.39796785578889293
0.24023434543643377
0.6640450512796874
0.12578181211155845
0.8307657447459523
0.12571058611486005
0.5747421815290252
0.5252625308037417
0.4681827745618333
0.21452055591913818
0.7328178846156809
0.723735687135368
0.6165577267384754
0.2762698189402121
0.5027944226395539
0.10831743985491667
0.34112305899012546
0.9607989594005557
0.204406121618881
0.5172976529009466
0.19854998700596563
0.7415897956793744
0.024876112095498705
0.5744145309412948
0.64952899764434
0.5381265618903733
0.6065586230703218
0.8429035572577407
0.244131252038319
0.4456079154664163
0.6817273107121965
0.3808278893738527
0.27707227929790096
0.7867888809985648
0.4548564714722955
0.8305782209665148
0.03077910772068802
0.7384407078840627
0.09934325754705041
0.5112637247070396
0.18851272127910126
0.15884797841132897
0.978457836757596
0.24456931463450657
0.11906163502352934
0.7811511961386083
0.8260931102518724
0.4501324033186138
0.09700022278340704
0.3534156280921509
0.8332407847589072
0.5461213411171951
0.4190629456578134
0.37540632156302667
0.5153930325994016
0.7854758125826741
0.4564359661839186
0.2899003016346652
0.5887492026164135
0.32567663184772777
0.4984168952139154
0.4976554422058676
0.7498788214967436
0.27898304594191836
0.7431535104478493
0.5349946765919982
0.8576232348954886
0.4680713632816343
0.5143638178317255
0.23829034697576448
0.76699663982513
0.11513769083071981
0.00531177143660664
0.5262666163540706
0.45075965595688855