0.8483123811024599
0.47894672201386607
0.4405202355130232
0.5603808865182438
0.2792929114384187
0.4032333223919935
0.12034384674742048
0.7929434987468743
0.006465170094340391
0.6283382313880886
0.19853004705111285
0.9597720723094499
0.48914812514584377
0.4799673829737758
0.13164389519793776
0.22490589165152536
0.060550749026553
0.5743788632199647
0.7873647969018019
0.42157832104780996
0.44651881336676624
0.5033614346441243
0.4128042797305346
0.673640155026804
0.36237764982744325
0.428872186343338
0.7195888641716905
0.4832655773544955
0.499438851615098
0.5352599614867514
0.30063977216184684
0.5240316752330507
0.3515012735867628
0.5464703839982875
0.23188292457529566
0.49909835601027797
0.6741910295203623
0.48012688987229957
0.908082528305877
0.5694961539454861
0.844420073250747
0.2343497301417946
0.5438371977351347
0.4865467358967683
0.11002185257006226
0.09393346779840187
0.16881286294549747
0.8755602987805013
0.588794977380355
0.2537233384304431
0.8899443071149453
0.7691220856577128
0.403574525847073
0.2573243706812333
0.5482610831501409
0.964993049273749
0.06631166484082614
0.005513422084130624
0.16136629924193535
0.10017125667296109
0.27215551756684536
0.46673774794182066
0.8911934623262331
0.5627193774109676
0.38380263329232295
0.8460376754585401
0.5064070771857149
0.7104710933217184
0.36268738404320705
0.8562043864122543
0.4587897206134234
0.029561291472690543
0.49653333970562524
0.7200924333107968
0.4870817641490686
0.48521124314621716
0.8972197255891993
0.5116703739347112
0.14186466529654007
0.456845977609322
0.7936764047993996
0.9524728831601175
0.48843174861504846
0.06382348398100104
0.04269607748625915
0.7416970089513881
0.15177794928027502
0.42554886358329563
0.9676046855344551
0.2142763347326492
0.11581514396470621
0.3506987911851918
0.03166331025550016
0.005578108962535151
0.7499631550734639
0.4918322422008762
0.0096079659975293
0.20780619578313939
0.14434527706910358
0.3464654149170895
0.9341103358593088
0.2209700811131706
0.36796144030249256
0.3710481432976271
0.05915852953640353
0.37837284338435895
0.18885980152375131
0.5739330230991515
0.2210884489596177
0.8494414322492692
0.32682574611732035
0.26188032946370826
0.4248547009027017
0.7168209833285323
0.25715691435652227
0.8081299278527835
0.32780133574760606
0.15859570619821786
0.34767032041477475
0.6041765118850859
0.6047000655199946
0.4945102666182103
0.21571422327942308
0.6725498198147162
0.9812554470870095
0.248601071338613
0.5232230619135352
0.33000255151970864
0.7045325964533148
0.40010417249055924
0.2953370719838032
0.7961831487519506
0.46591303058871164
0.17054350629868764
0.06515909376462264
0.5345722849514231
0.6341869038428278
0.770636869191536
0.09214471500802503
0.1357377287194263
0.8816307294070435
0.5705302782723765
0.20780578686836912
0.4343301961115504
0.011204935677654007
0.6767783408440716
0.6954264825393899
0.2805399093297361
0.31982931767656514
0.7724546304658266
0.06746051203634466
0.5000442295199216
0.6188391023738631
0.2009942735378134
0.31954979692915353
0.7536818678049964
0.5590672880029661
0.7857934341781811
0.496399019494111
0.6899356375512067
0.7819191145598007
0.5892175285242902
0.47813528280956563
0.7897156115358431
0.0011471334228544097
0.11298533343945716
0.5145450646459906
0.557401734142501
0.11022926200425599
0.24187558719866953
0.5204326402868111
0.5386129869286169
0.13959461893104833
0.3388348028546834
0.5440328225382296
0.9318074104401499
0.9316120639679731
0.32954159847418457
0.9278864152494063
0.90934294412081
0.6389994598434581
0.8801475793611941
0.41762342277430564
0.9277907415933462
0.43794560840572455
0.8739003430845154
0.7754473950439453
0.2436698691422721
0.21812898688029517
0.5724481178057987
0.0288979565189355
0.9004127957214693
0.2368072190714
0.6130031282752675
0.2137463598621355
0.3904841842961835
0.41615190754163345
0.7395096831321329
0.1327065841598888
0.45897957509170123
0.6925309003881067
0.4070301429404881
0.05518091499417322
0.7785876131818636
0.07513762528977207
0.7257718206758423
0.8239312272694409
0.5735321435453196
0.5170773374742204
0.9135879186898159
0.7279213371010119
0.06864712511919317
0.48046910128990417
0.40027740628440567
0.3379281616151089
0.4681276290556088
0.14819330700412897
0.5538657894499857
0.3715888563401028
0.4573775181975183
0.6572470207430116
0.4353007675666112
0.9291926924709013
0.6443330574621572
0.5276889675544789
0.36992625977825727
0.7690317004563508
0.20295477153085548
0.5202737106578474
0.7806334269099273
0.7142321283099928
0.43379856402572364
0.0250559690536982
0.6979611738531369
0.33429696226062855
0.2924756331292425
0.750887687322852
0.42190567071009655
0.8524057597867368
0.12376688225365151
0.1658074527818811
0.7608813809683658
0.6737622446986478
0.0013897028797069065
0.9786596073560434
0.7370076454384152
0.8985214585721029
0.4081740326997871
0.8197380805608475
0.011768298194042673
0.5832788255117803
0.3133834035931062
0.13787631147219143
0.2569748373237259
0.14438603864801206
0.546893033903177
0.008816057589279678
0.4749315217086955
0.32161162640278085
0.2711805525058671
0.2849244459598498
0.5083259212544655
0.8900757035918042
0.5077419394962713
0.5511350881102699
0.9915226897962032
0.8026284589409483
0.44979719741228086
0.44661458125780645
0.854625313424244
0.7156341644424207
0.17162519893702355
0.7880793638199897
0.6524858151329368
0.484888409136544
0.779631574154358
0.787098092943099
0.1458487992350231
0.7347275355407025
0.4344475417834571
0.3712548761816946
0.2545534965202405
0.39940347120186703
0.29127122722993953
0.4314539861961599
0.7675768360373567
0.6736100930977911
0.7669491343894604
0.9610628086376485
0.7695519178340505
0.8849110239550032
0.9532546143742479
0.2885908631592536
0.12015843708179709
0.6773065159184384
0.714029900639881
0.24087780161868086
0.21644698100146112
0.7287961602173613
0.1977047265527052
0.5435366841073064
0.6470891076692142
0.8005186814301448
0.3279691433607849
0.8568625668542281
0.6851893403073729
0.5511127526113818
0.4133447180950061
0.5393820191346842
0.9637121336410516
0.13921064912967893
0.7818537588644418
0.3934232747894945
0.9342272356048451
0.6607700161313618
0.9753361684491364
0.2467787974812285
0.7084110136154753
0.15319305524970964
0.6921561114692265
0.463088263450381
0.9593787813392955
0.21667105752864765
0.33583875498830396
0.4137645996586005
0.04567565968264966
0.7273563570594848
0.35870993141821833
0.16576921427668645
0.6261300704707663
0.7951591246824367
0.5274034794266396
0.12690749838274387
0.3875641304806533
0.026757164358411755
0.09514863720103764
0.2661807824433849
0.005735420320581971
0.5124987187967259
0.8789886720649304
0.8684461853866817
0.34425674429593506
0.8908396768403258
0.4173291613291516
0.1592093936635819
0.7886003705076099
0.3639952715332884
0.470612640850239
0.5174765685751208
0.32189163634156176
0.270187062933432
0.013752021740466174
0.44464188523896114
0.24298805071058915
0.05747063111845159
0.7386310028726454
0.1665162168663986
0.2294052439598323
0.30100072107937115
0.9091748088511941
0.20406363343887376
0.44780834556861937
0.8662014644777722
0.012506087267299211
0.5487800856353724
0.000555753061215427
0.04377963002015534
0.5027861327316621
0.5958098316642276
0.6682533231796598
0.9412925584056756
0.5112758805829191
0.3412561887508055
0.07601724502404185
0.28208718153514084
0.8780323878479953
0.08204923128495925
0.23920212186592713
0.39007043376534434
0.0349374029927361
0.3049720363275303
0.3461829311606571
0.14641603807681097
0.5783854037480495
0.41330868897327766
0.4843993414349082
0.9989337611212146
0.45078480695191697
0.9075246699390556
0.42435578597976276
0.8310069734500165
0.2899728069127243
0.01822015784320856
0.49424269661933223
0.5404018195549531
0.4939574290757632
0.34661313832635743
0.09845781922520322
0.4546143959166577
0.3923709198740979
0.5043091596421004
0.9003835344365722
0.5711980573714174
0.8151107639183639
0.9822480839422844
0.5723487576501533
0.5946695459593251
0.9431931960362787
0.600204818698013
0.020392016213051655
0.42489865420901657
0.4004655015539953
0.43180785047757475
0.6053230399655316
0.4739126653751098
0.39438418800624614
0.1647226993959856
0.3086144767986162
0.4215429226866689
0.6070246771394102
0.3101720578400549
0.8979122224013886
0.7008976191989753
0.3392930922058103
0.9163469393074003
0.09324943460977991
0.7907501826046046
0.9261680444178286
0.4970282868303983
0.7440054908640342
0.2046599490338638
0.4163698459509107
0.49103445556744185
0.0013725577877464065
0.31454107627757
0.7425760458174947
0.40278014818347874
0.5433661355068944
0.6833457802648291
0.25241845257588447
0.45157559172970413
0.8213621953726165
0.38168358232485156
0.6237597944967325
0.8789507093416915
0.46937226256505304
0.6328836077548712
0.6146785857795037
0.23486044928620053
0.040570922256127996
0.5749336628951529
0.7150351609847033
0.7992317221672975
0.4919442729489439
0.9593691276336644
0.4717890866485174
0.7039652518732921
0.8161938221107184
0.32913953545920527
0.5128525659639313
0.4361749702365978
0.413789916829987
0.5731976335425835
0.6784310595865383
0.9569974535635316
0.44238942783844437
0.31877698159313395
0.7030437053628205
0.9981132435686353
0.7149710808679888
0.5025916740306013
0.6666292463798379
0.7680864236034863
0.4956058722003189
0.3822137803906897
0.7468698758915404
0.21462519768357072
0.3370766812466188
0.10419795103747163
0.0133721003284459
0.42450175221279224
0.021439242777032068
0.718002757675045
0.41849242370397177
0.13101711321860404
0.47659505466382895
0.05435717921623152
0.4279373227489165
0.8461884466147357
0.41524787062614205
0.9783188899299338
0.44572648737136944
0.16541469149542837
0.2598988105737348
0.424619575443653
0.20620816058563843
0.6634336172838861
0.4850177754785255
0.5755830576827858
0.8319344834679282
0.26674056555297143
0.6994960826923776
0.9722069844165303
0.025184330917916213
0.5003761666863916
0.5869722628263725
0.30991939083203246
0.45217522863377774
0.9376259736659345
0.9128249055038652
0.14089322816373714
0.9176795462301399
0.5199205222604425
0.7580260504071962
0.24871003323281657
0.7434092084378149
0.38754347074899204
0.28701349258158726
0.3065907803410452
0.9710566307459174
0.7953948920493376
0.5208887476182745
0.8005618863303213
0.4355148088495862
0.21206106297276134
0.4456662732144999
0.5039648825616809
0.40293433835274683
0.884741220864289
0.9767157988724499
0.5227417724163973
0.49503195955046864
0.4922813505519759
0.7145839716993527
0.3201597332252452
0.34451824375570944
0.214712874874223
0.44817193446706205
0.6190901193824228
0.11417273786982073
0.2730377327217382
0.29275672182801443
0.06564175451065359
0.849056641033325
0.5201465091149248
0.05406249413931846
0.521008787713434
0.3976820919041541
0.16156401939039347
0.5100301363496597
0.47429101411096675
0.5000681818919354
0.08016171505607757
0.10799035962082802
0.25102107288833303
0.14972259822098588
0.501674378355991
0.721022571874225
0.7200368786993382
0.7417468726722148
0.924158339888982
0.3332824453152438
0.8879082918323886
0.36255758441852254
0.26416516774324045
0.6123972253597267
0.5896385713699914
0.781139169919885
0.5579517301333597
0.22974126409864193
0.8300768903534069
0.27839930796156587
0.6806866032618845
0.32177986864874236
0.564506772150703
0.5463559749438027
0.10270218816316
0.8117115470833796
0.29529145698836345
0.8019746809343227
0.6730953835960306
0.06286056126180962
0.5442222527575133
0.7243922945637346
0.45047951567196987
0.7082261619260859
0.5587535048264857
0.9647240912691413
0.4033838130549825
0.5969213036618783
0.37353773050856015
0.8120576271767778
0.25171663387018556
0.523474278943829
0.9736100810164718
0.3546025791501612
0.13545311752343142
0.6889407929015553
0.6812407600759782
0.657270045000801
0.9995994665118121
0.5088303147902158
0.534941667148708
0.600279187907261
0.5636339826957962
0.5207242084082367
0.7685474926945511
0.21866772185334896
0.06028764232340993
0.92710553795473
0.4264599497868909
0.43832231438731
0.3792301189820152
0.40484436435996185
0.3355374368649784
0.3359293676317849
0.1550995660907991
0.4076791463809037
0.31591725733012066
0.5546856393743407
0.9022478919390121
0.17409365824025183
0.35609051631708377
0.42031436088631285
0.403337061018427
0.36243160759073006
0.042631733927204506
0.4815000113993857
0.2726156119077825
0.3487454301532298
0.4430349032146788
0.4974017979223722
0.6477033749632696
0.5144945724002398
0.6569341817509625
0.5449343961304642
0.6539441650032445
0.013066291792600673
0.5966237568234635
0.2919744678939229
0.9361053277767697
0.9718133928951461
0.5990945313239462
0.2527745406499087
0.11900452124615035
0.39773628017648666
0.9118762024195296
0.41237727409400704
0.7846370498792123
0.32450925899274025
0.7196796040580753
0.8232106440867246
0.9264236545987488
0.4915192781953138
0.44509289053377776
0.7278586515056313
0.43991076647674093
0.12501269669414702
0.3387124229330786
0.2641899967512647
0.06931916183012941
0.624651592738857
0.08821513217661552
0.5795140846356518
0.24641358284095935
0.10216156373178283
0.16925147992355605
0.9956046340154698
0.5853754459456028
0.3645426379023839
0.18800802183718787
0.22576982303090645
0.28861978994877924
0.561620659098997
0.762099231696843
0.477353977615494
0.4976276974320165
0.5329818283987057
0.8936171685131863
0.15003571691540837
0.11587875667496088
0.7087825653764066
0.9252691700480681
0.5561490408492298
0.6935865308056943
0.6736443392361366
0.6609931138623825
0.26217704365022343
0.3710561477936788
0.9900491671984263
0.8535214006111813
0.5772779218998723
0.21260041998213325
0.047773956529266345
0.2615679781255438
0.7714899037605851
0.3741155541186574
0.47511957588303144
0.010180791083567052
0.8317099662707077
0.5658012329061305
0.26552016634268766
0.5108503658103143
0.21858923256379795
0.16674301075648912
0.09006848844823781
0.37981820525186244
0.4942386674928159
0.14730360748320195
0.8202235474268585
0.43494949064380745
0.9479544407096955
0.935111862232122
0.03681174160091908
0.26221999709326893
0.5406483481208494
0.7222373746955703
0.5043228348845604
0.447876473591565
0.16809224624486957
0.3532508625116562
0.7369928779336156
0.263482853303582
0.7145752503211964
0.5792095721572569
0.8479026690626058
0.7495167462002881
0.6197782867518818
0.42423295411939804
0.8739607288845008
0.9629969132124767
0.13825287955896493
0.9720289537867723
0.09059723396244822
0.7009414190308821
0.5049291190139561
0.5142805607337609
0.8015620894345269
0.9719780595593656
0.9148837958018576
0.5254435520585373
0.02851335237184102
0.7267374534293948
0.024618831270070567
0.648962152532088
0.5152980940021237
0.8126737220400495
0.48667558418359813
0.7389831737250422
0.8136455500457488
0.43788528479300515
0.4592180795554719
0.10091513882717783
0.6487672032164298
0.49155193702657957
0.8526472101366456
0.4080926387793525
0.3117125314769012
0.5791174137335594
0.512627361457365
0.5022409491903091
0.9581506457056892
0.16971191843658318
0.47649477937276175
0.4773882469526631
0.7820251799535817
0.26594765245466956
0.5623917646823741
0.08542448282663984
0.5579922401987641
0.510849500111687
0.3259767773048729
0.9887384565235228
0.521797986665685
0.1436451226887944
0.7011160564287388
0.8067613453405772
0.27108731652098184
0.16935125281995958
0.8106939726519605
0.2198975543570153
0.7287320631664614
0.5623854086877541
0.40638241506905953
0.14235880213158242
0.3911578312785758
0.15640920689712345
0.02990229987319615
0.21633234579334004
0.18919678058831896
0.30001727768641034
0.027641056868344237
0.27052379053971226
0.5426845230105172
0.4454766645524198
0.6865890761021178
0.3138425234489914
0.17000958152429635
0.020995273098405657
0.14409314943044127
0.2159177059007348
0.5009507209519337
0.4327790529052616
0.43934846417703793
0.5053166064775194
0.07179612673536973
0.32686738320629133
0.5067725988101323
0.8009806321418497
0.04124945341053368
0.9357330342187901
0.5043963523180708
0.7981174246407106
0.5107338616781569
0.36449123145045687
0.5515566033585458
0.12282003225466573
0.454034213928746
0.7342412277211501
0.7475661457626158
0.9342296066431125
0.7836025576103276
0.3299924805046651
0.46417251526740755
0.6948848905297175
0.09183914959494402
0.4754934219828498
0.399287591761245
0.35376230659124785
0.3167512647288216
0.45038548894562297
0.8222114601866743
0.08318669892788928
0.7092628119604198
0.7086128666699766
0.8956772278572511
0.7808433361144203
0.3889494061566143
0.9942338040918491
0.43140561577009867
0.9817350652250645
0.9176755664903469
0.7557731389899104
0.4389298149530222
0.499372721900956
0.08252029179924665
0.7455757044336193
0.8719744204983249
0.1164369939570871
0.3554662954484259
0.5784918082996737
0.4107112215922819
0.10915058682190686
0.0906836854257865
0.5442522606660369
0.025353266046716942
0.46588891579675185
0.8281614965610202
0.3290566966484086
0.5847840587866979
0.30745138797121635
0.33663991070068955
0.03724628049923784
0.7876365556745316
0.7160456624067251
0.43128857309423085
0.929613996160223
0.010893395073646209
0.8786838531446318
0.5788940815061625
0.45887860220770016
0.012345213440544895
0.42261272025266733
0.9760083440108223
0.22541611833519323
0.8368680861968317
0.6547590368260291
0.5877140849562706
0.5308222193116525
0.9645535234377132
0.023916976988263085
0.18740708963334593
0.49059886747335385
0.7064295308266104
0.516080814737985
0.4694915345528351
0.5025974892185976
0.5138811647050183
0.3232337749737408
0.865282521829798
0.6580807313393586
0.6723837528854862
0.6063063668626985
0.7553165164267208
0.6380012428501235
0.6383407849248195
0.5554098369920523
0.0468986186747777
0.8260242335910439
0.698888904180539
0.18708488008176222
0.5249713504253195
0.4382198879636783
0.14421978524037768
0.8621700686143905
0.0811184364196985
0.9167226409740012
0.1898623975065702
0.4574680900834653
0.04621019110966174
0.5036860885609392
0.5865731454767773
0.40457526695022855
0.856365053686499
0.2782511673820506
0.3571112068906908
0.3700982498757021
0.6180287363528948
0.24012834910275616
0.36549148665372777
0.20468932968859255
0.7777599466974267
0.1283641076289704
0.2837159031131854
0.14058816129864765
0.5376904788568223
0.4709666657858526
0.18341409120681984
0.4164982424538487
0.6216538473115106
0.6242835099462679
0.8106645092837379
0.37927991294553515
0.6141207212078137
0.78154851690475
0.44349688316153835
0.4824969884516545
0.6577661019386907
0.49951792653347493
0.15186909638922358
0.051058393108991657
0.30833490676508357
0.1395234911546134
0.1255544706943015
0.2231143413367343
0.11787371435710017
0.0920109773760218
0.12121500264632448
0.5126787494194093
0.5669997256791102
0.4380743044292039
0.46250444892148923
0.4052200473001482
0.9502913842718023
0.7074569459016343
0.5401397729849646
0.16360241547674725
0.05791831140275865
0.9564052738241178
0.6341993958624762
0.3954094107628967
0.1510380045743325
0.5415752544518189
0.13345452486297862
0.46133540288207536
0.06803001316543057
0.8436129081675446
0.6455712293966741
0.794009471185159
0.3442790591713665
0.9275401040245727
0.9706397993323004
0.31621757114974586
0.9282801119433595
0.10289198683875499
0.263445468948641
0.4532500338791937
0.3511611164445634
0.06280156855720707
0.46405691815235994
0.7757887007421954
0.2364252643733632
0.2606710379303592
0.4939405975717107
0.6838218517550122
0.2254031264862001
0.5034541753719575
0.5512195128156326
0.2681075190142295
0.6237971830777459
0.7485914500903736
0.20535200061984213
0.4875948054611229
0.4949360338428051
0.6257927030721521
0.5354091620387187
0.19772163117153413
0.9636811388270233
0.3241915395074175
0.6705308973087465