0.39708155022021874
0.3307788582611362
0.8993170254116986
0.36440925957568915
0.28437815294150304
0.2063126486792564
0.7704540586432381
0.6544735897564908
0.5796475140550361
0.7173574680314587
0.8984377377652354
0.4570805025832765
0.4112340679703367
0.43472415358140204
0.16306599630335675
0.8825224006252383
0.29313405583741853
0.32891797082602486
0.2877029587754888
0.6828590742342108
0.7929957511017988
0.7053476632325179
0.992186663110339
0.9679076280892283
0.9466485262550224
0.20673583005373872
0.9340299199222345
0.5002601826238999
0.49892605873574314
0.694806873379029
0.8007924030533606
0.03472197628459908
0.1198537494838883
0.5800959703795852
0.38146871467941895
0.31234064955200674
0.17230659843311538
0.6108309499747975
0.7043685772307907
0.6124963249372505
0.15470858967106757
0.7088380100561791
0.5295503361389667
0.2629508723511266
0.6136969618330185
0.3844901904687605
0.6871154670135744
0.5071439750562692
0.11895466236260767
0.461647867601124
0.3403953398922315
0.08643471563808273
0.9467594062150331
0.6801673615186887
0.8852799178228897
0.3220352499757713
0.7455175851275001
0.4535341595742157
0.23677070772253037
0.49097115225485854
0.7412798087910795
0.8842797367846713
0.6718483763640275
0.06659813555347381
0.9295686136370044
0.8411969715142427
0.9994988441823321
0.05071818535047661
0.4850661966321179
0.6590336019560393
0.32156043692212694
0.3531471045744961
0.49747805101395054
0.7873694949964851
0.08591805515870658
0.24240318470959268
0.7647872028756278
0.6514161531854489
0.8465700018229826
0.5262546750563236
0.8753837471193624
0.40912820079537654
0.6385677485813651
0.6644425705774369
0.5015965789486865
0.2880609912686591
0.6851851878342097
0.9129797219201174
0.43013164318912545
0.398207328580906
0.38071398316806515
0.11907300430774913
0.3601312807625103
0.4380550520793993
0.3727580511141214
0.935054473139776
0.41369437073307647
0.2872526482560947
0.5740723055598247
0.8724084720638398
0.4860168425867473
0.5209276155713692
0.8472783672831874
0.08171262657616388
0.38310473225415725
0.17223139387173253
0.514669460916276
0.6785052767050845
0.5109373149793244
0.7686457601984444
0.930568710028433
0.2831495031439444
0.7331155199052406
0.5944306459413262
0.12047278923207166
0.5343701299705369
0.48778894823956104
0.6874914178671853
0.7851260783197407
0.35849935747599143
0.46184194118296296
0.42322126001272936
0.09148410467679063
0.22458031384023153
0.4501858641195766
0.6507236867411235
0.4801139104212487
0.8437214535470486
0.336556089412624
0.44365277984172025
0.7339475716519531
0.5760708039718062
0.5158672688030832
0.5928841035438608
0.6846696050922271
0.38356003842415665
0.09402055256061016
0.4379852109967546
0.3115650725116095
0.8329997575074702
0.26066461504300936
0.5260087949218718
0.6859031696194827
0.09769750867280337
0.5570038968596774
0.15288147067020427
0.1129485774570007
0.9031138560066048
0.5031196541140687
0.8867983213333032
0.6173651194807388
0.4989747064326183
0.4891193167878307
0.4054621305065044
0.10427944143028421
0.10035458102064877
0.8093780954871331
0.4816175775427555
0.09467702038448449
0.2591751752736049
0.0910646143342858
0.5460215542126772
0.18150693896346587
0.6955342830252094
0.477670004209607
0.4871649060779896
0.11995391532219161
0.5508086101404555
0.5155043067093801
0.1966141139859096
0.629693438069917
0.5143316745798169
0.7103791473818751
0.6379687840626835
0.49077867182807333
0.6056081285667564
0.45568516135912646
0.6375444245193003
0.7578962461137451
0.49927005030956195
0.39507980630697564
0.8079990391692944
0.38585437387117805
0.4090862235464804
0.6338017072524359
0.62506152087428
0.40030390133731486
0.4500352565378718
0.6710794574920013
0.5930989415573855
0.6415395013060535
0.2057063788142293
0.5672708213555878
0.7276619065992351
0.3126600792282808
0.588650606661511
0.8165631732422519
0.4302890672663063
0.8360858169594224
0.615907449009511
0.5210504959901281
0.9356618392549411
0.6503955773402955
0.9071544126202509
0.2862609311528667
0.6524286123474484
0.8564406002485806
0.02114094569053854
0.5577078213078462
0.6696369221607855
0.775330917469244
0.45048275770366114
0.9622346661721171
0.47380308276678923
0.468321661815279
0.5049332413192279
0.598246507938828
0.9376133859430359
0.03134190900936578
0.9343150832103742
0.7742445821507025
0.8307585900091856
0.6680555804875222
0.2119947544447531
0.02899686424107254
0.38451884040211265
0.920938128043821
0.6813531496459869
0.633827507758898
0.4067060714891611
0.9350556067964195
0.44906011451572914
0.530320569481528
0.41084208939273215
0.06721981470243177
0.19444045011033315
0.14163934618026872
0.5467935501261335
0.7237737780526233
0.22047960529177787
0.1295398757947056
0.9254904827236924
0.2865450786763412
0.46940725461256
0.5687877254480584
0.6209754570422237
0.24992447912408758
0.46617185342674483
0.5158176230284037
0.4063123885815485
0.8756524264888755
0.15996615321087287
0.47531565730767616
0.8033385981480354
0.6156274428330668
0.8285892974769797
0.42654020815482574
0.6535428024503274
0.7829461343588366
0.45028633990274686
0.8979480635099032
0.22258484598271627
0.5279466095270667
0.39941079332473356
0.26406720377251774
0.5003822089321661
0.6576778388431015
0.8894065650672772
0.40537821740182495
0.233668842454977
0.5842213010439895
0.39090206558438845
0.6425472927751843
0.5727281957166067
0.4959405771555494
0.36936437326431876
0.8667326481926312
0.7526277399401672
0.925979512614904
0.6050207953129584
0.6377321298257955
0.6625067919530214
0.23480379391992387
0.19183464677794257
0.5438854941308542
0.755214591436854
0.1153524104994117
0.25617944056967373
0.30928970579056614
0.16855898058206617
0.6519348220696681
0.35786883299124905
0.5788286000712812
0.39872368148342047
0.41395302875440676
0.4486954514028223
0.22816926188126474
0.30350395180731493
0.3278096172356658
0.8874121022989432
0.5350383085980525
0.28582885949178893
0.8989424342359537
0.4001189983812116
0.22774217345812667
0.20158567714758013
0.25109274644490986
0.48516401327524883
0.1716611898986144
0.35224590081094714
0.28780775558057153
0.4039051914098536
0.20713161608360317
0.4248460944884508
0.09506167553368952
0.39618420538220356
0.7824045396026029
0.32815896804776973
0.7879416418197415
0.4162287511720015
0.29374003626561984
0.3296489251772815
0.7138098427747618
0.5304687749485495
0.5612264744259106
0.6419692043337695
0.2810494892505952
0.9322106742614897
0.6713899114029207
0.08175618315738135
0.2071196673124615
0.5105138830209802
0.4303868825915715
0.6921890352307154
0.5586178096457688
0.4655230673694689
0.5201908310167501
0.5505950415927313
0.5036368260819425
0.7841641957958795
0.7493473687047587
0.4677705722301667
0.7644670527390314
0.8179814159795461
0.7375226201587695
0.6377099360262762
0.062497625935160776
0.9950194028668692
0.6549332277653999
0.7755608475949749
0.10456627137088075
0.3870466415252536
0.6324902880993196
0.924762564699103
0.6228222246104613
0.6493661461972787
0.6255793082122839
0.30583633227720497
0.2969099489977359
0.7482888782530523
0.09947748110965049
0.9575520825927172
0.5629352984084609
0.3903298595948733
0.24643594336009983
0.49053800472350506
0.7036600993386076
0.4972989134471448
0.5204203910385004
0.4912857937225736
0.265163861160597
0.4950565956551227
0.21224932414248712
0.5417344443872785
0.804335764413284
0.6532068731141449
0.2573414994410926
0.6653584600879873
0.20037998838231724
0.6552390109339447
0.8793394996258487
0.7695063037143809
0.6107901160069207
0.2197139958371294
0.007649061308476961
0.5044550540593665
0.4695458418275292
0.08762826606971495
0.5628067365885516
0.4543050488417559
0.4557946365990493
0.5407887225521456
0.587131659828334
0.4065760975943453
0.7507909759028023
0.5115867979574291
0.03902385508349027
0.7470930407904715
0.378748193001127
0.20042266389977267
0.5040563098631786
0.3867608839411556
0.9854810576891887
0.22671789279581323
0.4430589397337831
0.5430465305098864
0.48578609644327053
0.7201880616660715
0.023368282663675497
0.3936611863695312
0.8037667482510863
0.3522645410630656
0.5579228096308203
0.8216403672701496
0.7587248272101433
0.22470907362580214
0.7829766985554745
0.9405547299759275
0.6853310045836479
0.3969014231538515
0.5878610463887537
0.51631574265557
0.6387384716470177
0.924020436872614
0.734963932900656
0.40317425120015776
0.6591208709727711
0.6321962649933378
0.34556359304160145
0.10033778626434141
0.2900297308179636
0.9928039357931698
0.5354887114844882
0.4690155365472186
0.5262792678356494
0.25044719568969553
0.23462254157881332
0.4056144005822228
0.1586922821165742
0.853187607754407
0.6849154862785373
0.1394576031862761
0.6109074702807454
0.7349134699373164
0.44583688990718917
0.3991660193459869
0.06262883881720066
0.5192212967128753
0.12141806457165
0.3175797928498782
0.9222363231138758
0.060759599706263455
0.3786876078624716
0.46212624851396755
0.5317797612820389
0.5108952725102478
0.9178804313625331
0.2637188308030828
0.9667030510644385
0.5074004650184889
0.6806838672448783
0.3901692427982017
0.14476819868528898
0.08426245118789887
0.3146353300181557
0.41897856337692685
0.18856126165250234
0.3110736600323402
0.4966739226905185
0.4156158608237666
0.09520491337105631
0.47966562612852054
0.15949615882656096
0.5535711995469612
0.7569837147754068
0.21265481297584324
0.8755396944708428
0.5008684706244647
0.43154130027828697
0.5360246248769845
0.026287513833622888
0.45622202137211243
0.35554225777626763
0.019589152398402292
0.5977043975102814
0.7249591736071135
0.5222728909747004
0.2900827386715546
0.384199272983728
0.8705394398733656
0.40546486146677535
0.9521167353054114
0.8529936915819211
0.45962260903206553
0.48802154116007107
0.7386061320385001
0.49777730255707897
0.28365270011306126
0.7535343290740484
0.874208654748881
0.9403724960060089
0.35097052743152135
0.5161370720717557
0.5580929531230616
0.4962773924582593
0.6176441430568252
0.04650970611624706
0.7524102602977738
0.6000322270406255
0.7535090065312565
0.25488633640669
0.501340876908256
0.34452484908761205
0.07241952390200344
0.1324626189674478
0.5510075113062349
0.8913100787978809
0.5957995361895951
0.9279646018388101
0.6553116640180394
0.20583722409294616
0.35845521928891017
0.3763321032510372
0.5265785266718985
0.8767416554520133
0.3798634429109509
0.037696637393405646
0.38333131402721693
0.27252931046382384
0.40936465733227845
0.2263331518799791
0.4169938937577967
0.5058228635607386
0.17220958219673407
0.9074645796576617
0.6226853952383185
0.1980189667693013
0.40674153870887486
0.4538593485992401
0.18218977063155417
0.32626223037798285
0.6527466008454148
0.3555318526906358
0.4747739126306939
0.027080274341861343
0.34731557448934464
0.9267545860834056
0.36333573627942933
0.4455733071225454
0.49487265541377806
0.40786038628917054
0.500310450551218
0.42428231262939997
0.7998290352124098
0.10181986542863083
0.5695475088726519
0.25336214242471744
0.4340688956747793
0.9460279212965079
0.5064383735773285
0.5162989382045227
0.29186941009728745
0.18929214749986836
0.7267082000519646
0.3780399899974305
0.37567190434809394
0.25175997877477624
0.43022717737654326
0.5645699686385502
0.2906488156827751
0.23416953786441186
0.5303460945847975
0.7226929013063816
0.22375572031625018
0.542347558804349
0.6292415339685443
0.2006875426716501
0.7704815014775056
0.9073986827048272
0.5934040601940579
0.19134034183079732
0.25705853384046934
0.42912568874154156
0.6387428597200465
0.4900414885590537
0.9488370846476237
0.5474195200389546
0.315950285874837
0.5048968769351776
0.04272161763246495
0.11489368683364716
0.8384795467992123
0.5828627128996045
0.29240018780727195
0.5226121875995708
0.4036661198532739
0.693333195037353
0.03777046797097087
0.5656211888108013
0.026107726073114856
0.5176451493112078
0.7032348024243489
0.5111581963553856
0.5811394545939805
0.42884951088563295
0.4778472292128079
0.8417766417012947
0.8870741359436665
0.31122039154098174
0.38609139368319667
0.4843920711051034
0.6622386504361207
0.7214849227337454
0.36882206384250504
0.8547764373046921
0.11674814978550656
0.1836381499353156
0.40208213517343466
0.33172764838187285
0.508845803455531
0.5518724079273246
0.12664380464951344
0.5523155374945649
0.5594107317585862
0.49382034615428694
0.8120735908368092
0.6895499445696578
0.40840069718821537
0.4706500804126544
0.9736321927342282
0.5443220653350767
0.5097219146155539
0.3046286111526696
0.9269906895051494
0.33033127585615785
0.5205384183853486
0.20942437469529093
0.40796359118551806
0.4930553770430399
0.9483022851210711
0.350985542692203
0.5647346736527534
0.4945451446536065
0.4870175153975719
0.7369243948110644
0.38862827127013627
0.3263489224991549
0.3889625673067677
0.48088268518964555
0.03506297824391313
0.7678146278058987
0.6263644065781715
0.76082717358069
0.49943803616409754
0.4253922942886992
0.41859553083460677
0.6207834489595653
0.7185917486236851
0.6732248576730461
0.1309739841438119
0.5333329902033156
0.4312823992555633
0.7745718300285084
0.15709504833318258
0.6308053909972406
0.41722275071479836
0.33180890316086187
0.45422093799647445
0.7030561431436633
0.09440841202710659
0.15228465478313136
0.1693774781665688
0.4801248793759653
0.058937987265150996
0.7424244677778149
0.5706166766180792
0.800403284386163
0.4123442800280792
0.8082918611631853
0.4359924912179075
0.18196508310450327
0.5321051852086026
0.7368857227910135
0.2772130335694511
0.7215295096642355
0.6381821955128435
0.8456311283663682
0.6703608672616382
0.7020712138683808
0.5704741611588129
0.14895532990884547
0.47133739803278873
0.5375319405383057
0.7127146406224035
0.3688112477488008
0.2071454850114622
0.43215279137404666
0.706926525028024
0.5145841153185517
0.18067088029670933
0.14252293026606433
0.5830472748055394
0.6434155680171727
0.24004856426187685
0.6412518725176385
0.7848533829673462
0.46285819595940825
1.0000811393020084
0.7885506686706154
0.23996531893775463
0.5088534184047099
0.716086111993774
0.63241344949947
0.3142405335135042
0.4545394073920749
0.5326946487961862
0.4776843325033649
0.512630278530476
0.5916545303419509
0.41291113662234963
0.88207586294741
0.144522348924447
0.07563730173612941
0.4773325584615472
0.020504083283213466
0.413694116815072
0.43327783797648894
0.25588116759731067
0.934198673843545
0.8255612584286519
0.5649865648131034
0.6497329448134136
0.6623638923128453
0.43866144557415915
0.2884775474068943
0.20650518302498524
0.5559958800440402
0.16475645937253142
0.4059883957084063
0.7015676952001836
0.600780410221979
0.5732771508795891
0.3290974983960349
0.35630082235398525
0.022849542452723488
0.49898421150481037
0.6448989635265877
0.4884460779016171
0.6380510229955283
0.8622867890956807
0.3767958272946171
0.4961279116254196
0.6507236270684205
0.14448166906710974
0.37444458053039836
0.17277773519882034
0.05044861988092397
0.9590732262964472
0.3720247762462141
0.12217877980017006
0.501550735738252
0.5466411004283304
0.3490095256465415
0.6052650355406536
0.45765718029229363
0.5480162509116403
0.5863436572951258
0.4364817447818073
0.6912503809767623
0.19644584539290447
0.4064616825607385
0.7129503225167066
0.481462636466547
0.9165789629801409
0.49602632886458636
0.4832835153223936
0.7704454911322728
0.1442014280508579
0.29913887195449107
0.6686560898800854
0.6180144693590673
0.9147189615458078
0.420174205141299
0.07811894973304188
0.5311925627127628
0.5202684454344926
0.2664529464028982
0.4988766494858969
0.563532619248918
0.49346995980902353
0.5522582468646818
0.5375788451621256
0.5903007324306383
0.7550621766340815
0.9968961203774179
0.9147924265715399
0.03695481216821247
0.543396231156342
0.5133937443627425
0.5920932940820874
0.18243618539507167
0.01737704113246751
0.30874732975571845
0.343447066429864
0.4975447623589744
0.48629654436876196
0.9214228151702875
0.604471762422436
0.48302899716033687
0.42811079333462654
0.2875254307119363
0.32137513165927356
0.2982355866326174
0.08252139454258724
0.9320877162761123
0.40788223196283874
0.6487220186796839
0.7571914791802198
0.07890115597066802
0.6511746858104881
0.28832592360153636
0.09098527469072566
0.11808319736020746
0.4733231402582637
0.488717689748801
0.4216493987969632
0.11191423176810077
0.1319052402945359
0.029797252261781346
0.04606555580005987
0.5142049573486339
0.7551715381445772
0.24675890032289008
0.08536671428349081
0.1934874435914862
0.228502597326957
0.13187126747914368
0.8676803504650633
0.428077676408005
0.6648790819262808
0.40518643759642387
0.4945031355471593
0.5291444764462985
0.7713661618451544
0.5684278491517357
0.23119684835520693
0.27720868254333575
0.8132752213823462
0.8185333398985143
0.5039787409333538
0.9109165594059262
0.8932350539332123
0.19569425768009557
0.2128662004909998
0.7849702478437434
0.39215172964589573
0.38285883950175437
0.38477194016412347
0.5109169762775404
0.6501383395827466
0.8923011210088365
0.8439313422186534
0.5523267557403259
0.24294501204380511
0.5836409984687583
0.8231332607658755
0.755492817107919
0.4670758532802337
0.7800466683909963
0.006343413562689498
0.0430969095572986
0.3892922772353869
0.3935278326210162
0.38877360437254593
0.5119317923718242
0.4895668022874498
0.3298190979971198
0.15852785813241452
0.9615658789114923
0.47048349921858584
0.6288491202250617
0.5125478242849405
0.5374866987057867
0.04494497398611926
0.2829996070090444
0.15565929482121293
0.6521266122155519
0.4822199171405562
0.5942669694725
0.17381243086944376
0.40133064586523454
0.6154553797690753
0.5793071612604898
0.2699160768625794
0.7400166790752943
0.42381256808540635
0.6717042134151718
0.4111041965095906
0.8119452908001075
0.23132605909798748
0.7575301937764518
0.6241855664278974
0.7877627399721564
0.7119287460731559
0.7736095901194364
0.44266784197184955
0.7025480998735868
0.8910234281377077
0.32463779134999754
0.6340144045667426
0.5170294594421104
0.013205070229562212
0.5059475129530167
0.7843517053824244
0.15122590254179083
0.5776448573834385
0.021699989657268416
0.53006417963243
0.5267710191570038
0.477572047476768
0.3736183083586544
0.8253017872941898
0.43865713265140843
0.45790252403630904
0.5684475200058418
0.7463144545153264
0.9967865240643059
0.42697468303412955
0.057362000403385564
0.9055997284551586
0.06993308439021642
0.567743233673797
0.441039476137652
0.6438581937621725
0.5462286964927334
0.010499191225057438
0.25773890257176524
0.51065766271177
0.23501892014845532
0.7189951272904879
0.43131628435994224
0.5369581711816486
0.17682087205187577
0.8185369814463413
0.6468193494731264
0.49602833078324243
0.45831237316079604
0.7976964591646528
0.37817691193203257
0.9896408978817844
0.4357204313466232
0.38408406805854267
0.1701454796927295
0.5019970983724388
0.49596812126884166
0.9299405827548394
0.5617288455932198
0.5561916969964007
0.44476048659214223
0.5769244003903548
0.12410015372445649
0.14326965524717483
0.2581142263726034
0.3340795488996984
0.49288179677486893
0.40881780082364383
0.46492108817938566
0.9597520752457527
0.49937297927165764
0.972307657280762
0.7168682303329922
0.3385000347976685
0.334577898195741
0.5500107231383415
0.8031531949970642
0.07100939080711016
0.45622442690694986
0.45088775556844796
0.3610354639307568
0.1467395559790588
0.35247565295393957
0.4586042292209766
0.486042259282892
0.4107573063686628
0.19837933189764143
0.7348122991382193
0.5025098829020486
0.8782374546372173
0.5671008612359161
0.8803485216176635
0.8461337904692428
0.8517127910158371
0.5316874238968952
0.47546610547339424
0.813665974360817
0.2097674736499791
0.7434801573335008
0.3166997679248984
0.5492942117888984
0.5319284412323915