0.8434452264168034
0.02991495678490782
0.7949951854058337
0.9773364651959675
0.8935170703655096
0.10712322190168014
0.6814732723899928
0.12543807028640253
0.5034451293204403
0.9315533528165655
0.5172468488481475
0.30799708010039495
0.9918650217432617
0.9954384836998896
0.529431884478015
0.6670381005146622
0.6188211642444391
0.9639980256432084
0.8498174510504769
0.9588190320768729
0.9018040176824627
0.9557380989328731
0.48876308906244353
0.4692807931530939
0.32202568528678527
0.8985386685744853
0.38426319930434105
0.9997166523516468
0.9999164063018022
0.9590052496840812
0.8459975311994081
0.6816013107620156
0.7888666834385714
0.9913380476019003
0.9049893994739852
0.9631943891311773
0.8351316544402073
0.9872058660088169
0.7039373627051396
0.9822970024208101
0.6101770760186581
0.8684591742665092
0.9973204655193855
0.9399265623260973
0.2086139753731112
0.7677940588423596
0.17545971505691668
0.8300507969759735
0.8114292766457217
0.06643999936838034
0.7690833165405935
0.4188349822048466
0.29678990584060966
0.898311186061095
0.8149488010746393
0.5449506624213615
0.4592300380793486
0.4423055233994774
0.756970653878393
0.80003976490777
0.8743608894268506
0.8181532016731062
0.7593227415815389
0.7411382600128497
0.27180814411125553
0.6174583698082684
0.521464483676813
0.5618443825338012
0.980606088730084
0.18710803314616992
0.965306968465352
0.5843696596237651
0.9999832691656835
0.8448291041180458
0.21981830420298207
0.9282987863912145
0.6483484383353075
0.976288993241985
0.5387983071808521
0.9974896975075771
0.6506782634389072
0.6919328797644632
0.9802655152436183
0.31890100397177756
0.7019577440126639
0.8831530930031412
0.1927752636858154
0.22807271982381272
0.6625562314394211
0.8974426861379355
0.7967624674365655
0.7874398216705241
0.604804406320549
0.4591032831205218
0.9139873697604269
0.7462801166976664
0.5442890217318231
0.8457961167806812
0.843651195322994
0.7959738660066366
0.7474865736191114
0.08561589744597248
0.8346604610618833
0.7414747818052945
0.7046746008235238
0.14247758429595817
0.8912352192086253
0.9612669851669994
0.9147499649194817
0.7361610059282225
0.31423613461477745
0.8825308265550973
0.9358490357401266
0.9405381185887937
0.7164443774539005
0.8924319100344625
0.9692521890748882
0.8135155608097255
0.11857166337776245
0.9680111467990996
0.9873167148008487
0.9940127624470034
0.5477216689156285
0.8800772397600801
0.37357081288894106
0.09481035435609919
0.9990004998404622
0.17914123186748324
0.9260021656337906
0.986858337755302
0.8913958514083429
0.8956932542516173
0.9985633295377835
0.8642968913525014
0.6641566497711265
0.9848261892143494
0.7591262103443199
0.9156797476670883
0.28055898924000394
0.5795446620031625
0.716264075054759
0.9942711906790226
0.8607731590483111
0.7897106490594562
0.5890528260999401
0.8134982580526606
0.7490682073543319
0.301573280322129
0.9663408075900198
0.6615977593163379
0.278313858914577
1.0000679703869586
0.9855798252552089
0.8895261469336594
0.7465757308804085
0.33884187394948523
0.8882595255258406
0.9099721997373573
0.792872649609397
0.8950034087987994
0.556877809910355
0.9899078002162243
0.8847882502982141
0.14228742411834688
0.4713346732137218
0.8165978558216016
0.8246597192245486
0.9941756609672026
0.8126932357461223
0.19758869585934286
0.9825919194437476
0.9983556750809153
0.775416637617194
0.9526894857572994
0.9979325385550516
0.7289953545290688
0.7483545979175443
0.949584685246142
0.4819703079918816
0.7870968009816185
0.9685856544916287
0.3975872870161499
0.9797471495439852
0.7424691317856412
0.9777329596237293
0.8076236841719882
0.905205941187067
0.9262553547878897
0.12397247544610832
0.9859081432855386
0.40984851933006816
0.5545431781694575
0.08044953373354642
0.9304618257675886
0.864858690810115
0.979553374819786
0.8780666952858887
0.9333926441571269
0.4534713634186408
0.9847538039027594
0.9611330640938887
0.7270281843660592
0.6721291773273323
0.5807593734929146
0.34572116443206646
0.919164053348633
0.6338599411378473
0.6233327523943958
0.9963757144438977
0.2763002262397838
0.8495768046710397
0.7477026091743577
0.6898775023754035
0.9891676184811873
0.9717628965016974
0.9987960603510493
0.8414283752485975
0.264445279316429
0.6179344424643161
0.7442028213933036
0.8873038300102374
0.8691351077738444
0.6937778632567649
0.8823570248710778
0.665294043415624
0.9687478176930716
0.47879140708558743
0.8590946106209731
0.9811624903182647
0.9035789883650123
0.6219008123967102
0.9928938633043287
0.3468020570040115
0.9505006700493734
0.6878555968248566
0.837357820466147
0.7422644185312437
0.9917760765418332
0.22487992908500556
0.6735715569225741
0.46663214873290243
0.5325990168992052
0.9173767824529796
0.5231439209675732
0.6270499368188147
0.9233334685404022
0.6692305947035745
0.9904194939764629
0.8843469509458409
0.553411701535632
0.819297899022954
0.815513020698951
0.8438121410340242
0.18547672524449726
0.8317111509841285
0.8738948960769937
0.44300420345795805
0.9752203796605144
0.8716016154272763
0.9417273394613906
0.7126576828452963
0.9160102548845452
0.18854699469312072
0.9897822736674333
0.9377525074764933
0.40854505569203925
0.13434600506405336
0.8095910062207516
0.9881935504998882
0.2690263499081022
0.9431457849292696
0.13905591355146382
0.11699648468800983
0.970560381465735
0.9999570601806492
0.893411110065016
0.6816564902901252
0.7465349540845169
0.6163253665005864
0.9845066069502596
0.9630083021942581
0.09579678946782584
0.9118360942052159
0.1664386429719524
0.9935095149092774
0.8367928734751764
0.768267523813318
0.8453689105649194
0.46685060101535125
0.23992530834460182
0.780649280230874
0.6560374959453521
0.9461702258646248
0.8083768977879799
0.959419072728345
0.9489321696141921
0.17000303679007592
0.8619880213948292
0.9097645034846664
0.4084630603197988
0.996767932878548
0.9270813800894145
0.5226798215215219
0.9586875576326119
0.7201476259547996
0.8558476612895155
0.06952599752660636
0.9921516186475849
0.8750876614962498
0.6145269735363436
0.7735458487781851
0.9018951850595804
0.8910677375693108
0.26387628689587866
0.7451895929456765
0.38426493541572204
0.825854491054871
0.9210061113390331
0.28337963561781426
0.9537363291189966
0.9539331569580577
0.40043319291802487
0.8522001308571371
0.971113954324411
0.9886410893167501
0.653200855662883
0.11237750064972844
0.2920152616290979
0.1698636818900842
0.7432690108157642
0.7775376374198374
0.9991651714290397
0.8253406293001898
0.9476207778683013
0.3493147669433327
0.7914391586629466
0.9412560154702835
0.44556723834605394
0.999880917618075
0.659888926522943
0.7275978860031502
0.9739395703545832
0.3349132778019382
0.8768143658562603
0.7784138704353138
0.8845261497368637
0.2997910798935001
0.5631411453380796
0.9753273167217096
0.12269030635410043
0.7021436172069899
0.5268111013903312
0.978943069150133
0.5600958490415581
0.30174172957500817
0.9131919496840271
0.8504303906377181
0.8729269697261564
0.9112734657021947
0.3558456800259608
0.544872432413956
0.694731907431341
0.8346439379891064
0.5187822235359608
0.9281158220618801
0.4844989121674144
0.522428616775345
0.999890776675873
0.9901112456422178
0.9707343459206037
0.4904344208334542
0.9998338750444081
0.8769984869124762
0.7618727559573273
0.8312985373312144
0.2113473696237906
0.6280517603361065
0.8932110378744766
0.11516318278891757
0.5968685884863757
0.7609106985974456
0.10812785042921019
0.8354515536741317
0.9066733173301676
0.4904826170817295
0.9997510502037588
0.5090020153159104
0.7786295364881353
0.7827348155839531
0.9921549425683313
0.8720865688969699
0.9519307977852889
0.6012596154846896
0.9910732072075323
0.9306894619058806
0.9998080410285352
0.38133521882712945
0.3336016072805106
0.9828965920193045
0.8856122578878476
0.9998956673460476
0.7773828420107023
0.5958079905821109
0.7758659307292406
0.38093327995523396
0.9930183751476707
0.9906662945377442
0.5718279095680983
0.6132350877327944
0.407753382712768
0.8899062087345025
0.9673147658012538
0.9920113914651532
0.8680226522076041
0.9269420462322432
0.9038648314178189
0.2603227225663465
0.6387066019389208
0.9576550035169901
0.9774992163797884
0.9541198402915594
0.8022860752237928
0.9363458355977115
0.28945149366711864
0.6466397075805721
0.22589579808486382
0.8743146070465578
0.2741921079981979
0.9756574882902083
0.6750420629031627
0.8446569149651665
0.49462692713934864
0.998831358040631
0.4805210732308164
0.9635161264696782
0.858933762353608
0.912401126699738
0.9891091890574166
0.8160906929736783
0.7528682292049529
0.9620242072857447
0.37096330201978817
0.9730550993151158
0.9237831752627116
0.8217737814133993
0.9888168925582165
0.7027671257528463
0.9863553030280876
0.6903846891907623
0.5750215790643979
0.7569512001950505
0.603462334493775
0.8817627661621459
0.998470051455757
0.6952247813201755
0.9988147532510095
0.6837552153990265
0.19306347446024832
0.44548184167790833
0.9998264804412079
0.9617928332950544
0.980116887105498
0.8442201353287789
0.2871622778650936
0.4174068959660985
0.9901373427678787
0.8466728055715853
0.9159221410176653
0.5423575132846298
0.9434842214024602
0.7935060972579322
0.9709440315312098
0.25051627389931413
0.9971165133835144
0.9124161539703486
0.8262398330421457
0.6660718757626174
0.9726598602012423
0.797839098796966
0.6096490387944383
0.3581149215554423
0.6379713335121169
0.9259890168219104
0.6122406206662546
0.17720952849352994
0.945860837970358
0.7254181052237283
0.05201071192199681
0.8419135117487128
0.8247214422518927
0.6108735582648922
0.7068394426992379
0.6157826772708997
0.936721442980166
0.994065747378931
0.8265205304367873
0.9725786563337886
0.9506681481114232
0.9241772390491465
0.4919911307189213
0.4596546703037552
0.9335163772397577
0.6634653961102557
0.3543455756555366
0.9999968347123812
0.978210250980837
0.40933651197448645
0.9286795071685348
0.7206059179987864
0.3760742876845328
0.7466021757174793
0.22508738592373648
0.974802828019306
0.5254735403795255
0.7275239717335628
0.9337978104190678
0.20973626215485267
0.9420406110344135
0.6718751262637853
0.5636132937203575
0.7758113051913278
0.9790113891089677
0.12027488602688508
0.9950498778798551
0.6589683193955493
0.9824101701698514
0.6902321115560209
0.9764073996021675
0.7241037814724233
0.37874369659567053
0.9177742746470111
0.9930699308569886
0.9999273447054199
0.18941334534340232
0.7275216664403408
0.9590130376429831
0.7783704421572941
0.9883844791734336
0.9833605563015078
0.5093553552135934
0.910280494933306
0.9286520057248333
0.7009424239977198
0.8571722968168469
0.6611237672765937
0.6668539811437413
0.2404243940699519
0.969931199092634
0.8640661281002033
0.9998256249343569
0.9908480102177981
1.0000323563868965
0.23939618011800684
0.5793686841578075
0.6713351329857239
0.8502081255793517
0.935052584889242
0.9434347458135925
0.5518875575817449
0.9375868844736379
0.7641484534953524
0.07701257490665386
0.5565052149441895
0.07606763115240138
0.9237674024968893
0.9710957400384406
0.924680475955612
0.9075781851326188
0.9925455325017645
0.8651929192887151
0.23419116734128448
0.9472474741549045
0.9096992355851571
0.8767106719945872
0.9940466044397891
0.9807314795393928
0.549718989983514
0.21782882039400608
0.7052269321140313
0.887229004537108
0.8530608594875791
0.49003590706506717
0.9930124871823334
0.9247992983249631
0.9973176601459499
0.42757476597547645
0.9944211714899271
0.511176243105827
0.9905091769309817
0.6772684287645281
0.7926340614478733
0.6949583726547766
0.9260431099716724
0.9541855670699536
0.3408727239068583
0.9686539031745329
0.782211594641074
0.47500994956737963
0.9614408406658695
0.5255187911851297
0.4872797699732485
0.956897009596041
0.99873320777731
0.01683292274064284
0.9906882808779727
0.999049231175248
0.747337229990328
0.35459773415756807
0.35534793802632836
0.26640278414512925
0.9942677376704468
0.9689448880470659
0.9315349077877119
0.9730405320668066
0.811650110551083
0.22367198412804987
0.6755809606878912
0.9815510104685273
0.9335815067645354
0.9969046686374631
0.7923821977820368
0.4335299265818533
0.9759591919586371
0.989925274188689
0.9909101811781059
0.8655072286958004
0.43072926748737195
0.9911312733394992
0.9441103788826184
0.44828074183249755
0.9946988968258861
0.9997348347343104
0.9358944052758466
0.7596163547289931
0.05674308084042642
0.9976903544723957
0.12355527178800156
0.43259185876888656
0.990514380501607
0.576190137741737
0.6940937020863679
0.6517268320507865
0.9900357289583751
0.9343909264668889
0.2792340558975029
0.9767056750163722
0.7234865594109053
0.979593242175816
0.9105220095590093
0.5553780734946534
0.8606345726228041
0.8600862929605766
0.4861409870575458
0.9999489386484948
0.9914544175040151
0.9374673610771989
0.9815722753789484
0.7483426842191043
0.9402860926183073
0.741417791505117
0.7518564077640348
0.9792761981840401
0.5710135017894171
0.8550029577837917
0.9105614096251636
0.791085869443601
0.8351033329026956
0.5478583566908249
0.9489228772065673
0.2409368910837912
0.678334810064031
0.7559095396054798
0.9526985174952687
0.7273923746033677
0.8500444986891328
0.9945841879488858
0.899772527615994
0.9912068305131615
0.5008952496085827
0.8514587707456082
0.46532981313436417
0.9534090230075106
0.6153329610790763
0.9440201971052834
0.9042644784180737
0.9482865071692075
0.8234009099106551
0.09460241195926275
0.9385641793615405
0.5702939860621435
0.5408069887434866
0.9929754989481007
0.9073417147665598
0.5119028536630938
0.9194315591695813
0.8006316730250754
0.9790743277711483
0.9543571180567498
0.598417710565271
0.30517930700246754
0.8434257385275392
0.9338933341461789
0.9788217803683686
0.8214380879879117
0.8448947506345882
0.5282307663862101
0.9839384302435475
0.5026779675891987
0.7054338037715827
0.7823310137877185
0.9958224746264303
0.5523027909465469
0.7082094491445666
0.5322008292959688
0.9374487202153785
0.9972981879688514
0.9473737777195397
0.999832119327591
0.9886109166612304
0.8636365325629128
0.7871606718670402
0.7597844045064531
0.6185427055382408
0.9510077459915856
0.38229013595375144
0.1514093022436744
0.9280144547446368
0.9195682784971867
0.26391076050001955
0.5638932048037575
0.3225534161686014
0.8113201335315606
0.472874927492153
0.21963084075409633
0.9061891920738776
0.9048324805369027
0.9964606981257603
0.2839409723918083
0.6361728040376678
0.306440425188662
0.9890902726901296
0.64901727309976
0.9115067608958035
0.5592668722599876
0.4899828016528386
0.999734824779451
0.8624730993566195
0.9996986993664353
0.9166145282419261
0.3574990332662042
0.9806976396553174
0.9983888466268502
0.76078834078909
0.8183389982521891
0.9838772156090595
0.3638442263637789
0.6983062576397294
0.5618999763505188
0.9768470541635129
0.8272014265363925
0.9999398085573757
0.6947755717386472
0.8435943001477104
0.9881890825554585
0.9976359401866572
0.9099416324502128
0.9332751888362868
0.9918931916641247
0.7040871308362697
0.10704002308838059
0.9912129545730036
0.9174138094470683
0.6033995779663462
0.22417308782576092
0.8507283781329114
0.9573012179303068
0.7876118697436748
0.7665244143227481
0.8168384747472661
0.8535020900631999
0.8971224968666593
0.3398475607057206
0.9895019336571792
0.7518456698126275
0.8483492630396038
0.9875325609848288
0.7778183947718597
0.3288937176475373
0.9067819524069803
0.8916534482979855
0.955462032893255
0.3402931522500721
0.9350521040097705
0.9278206803569709
0.4881624327770369
0.7073651902459789
0.5344740108842853
0.8731429221100155
0.3570318227687712
0.8388325281003752
0.7617216722692619
0.36867500534506925
0.9571077245970655
0.970962228253022
0.9997807613758758
0.7575508504698243
0.7061880790230991
0.9889529222564422
0.89889285998435
0.314330191708109
0.622341100121445
0.9669603498879777
0.8471496114322664
0.7751553726953972
0.2880034609674954
0.988540450709381
0.20728156417263222
0.9263331285728279
0.6334727313670782
0.9073204336013857
0.6293178214601235
0.4534832874489516
0.22581485963441641
0.997850318159449
0.9600946784529835
0.7779647538283417
0.8143652058676101
0.8232643208068862
0.5864361581700099
0.6022909068486504
0.9973856348200075
0.7847809159826238
0.6101915999789489
0.6855269784674475
0.16444742170863752
0.35927135958087464
0.6889212400323356
0.1798112681295153
0.5256117035645383
0.9671685730267333
0.40629099466468244
0.7747430290142098
0.9287005570323228
0.9154768235047084
0.9954122574770788
0.441181719739462
0.8741979341384409
0.6156671915183258
0.5368691306027515
0.978649462568753
0.773862449151131
0.7956997596206922
0.4309589241123778
0.4910806451220064
0.908646368400634
0.6143137584459631
0.9850722527468635
0.8590433027358447
0.9697143965652061
0.9693726200211735
0.2569378571480462
0.8241312571443449
0.6823558745199644
0.8182119505275175
0.9430841865750401
0.8753276676403914
0.5057454081454725
0.5984392729520778
0.3321589658774644
0.4915913828468883
0.6988726795313797
0.48903207511631863
0.9824511361774971
0.6057685230855681
0.9175857372560058
0.8692647398748354
0.9438642003062436
0.8545534918770243
0.31016239990667754
0.6825056608398474
0.41837349095236537
0.8900564493713804
0.998399792994338
0.5185282668599288
0.9503204260753376
0.8611008693755176
0.9765345375835387
0.999681691915564
0.9582072959033893
0.6010185678642904
0.9641263794104834
0.954942867146098
0.982235668183265
0.8631690236649355
0.9165283856854926
0.9746069841396068
0.966244066487773
0.6920915549585744
0.7155093284746694
0.12808401365975436
0.7930169598011508
0.9836610025164777
0.9040747356856246
0.21984304764325563
0.7096997690786769
0.7668120497397652
0.6879873299589602
0.4695906092875389
0.9663075782976038
0.6611962976577664
0.9996947206342435
0.4260784425192496
0.9908997565712014
0.705068184502528
0.7811837802997135
0.9728697139322224
0.5647600396643945
0.9850795441272461
0.9263937381083533
0.9809327251590445
0.8830770087913138
0.7590819502723073
0.8288435217907995
0.9489478775795596
0.8408226686867307
0.9334768483014032
0.4523923209412333
0.8799921890386917
0.7170079647497732
0.7657557786881113
0.7227787346523439
0.8859099319265384
0.9814216629836136
0.9651686359394428
0.9105734812832609
0.5855493203917962
0.9369625853880746
0.9743197786960283
0.07594830644553101
0.7845422803259702
0.7090004608389281
0.9603556785062131
0.6249596162692079
0.5920445633848611
0.8895374759865063
0.8222716951907981
0.7862049277289667
0.6337623381754303
0.9847607655322133
0.5759684753652743
0.9919134534912658
0.9850100018974779
0.8634999938459559
0.7173722088441784
0.954972424394589
0.7521098906110723
0.8648055748334514
0.2733724708807118
0.6965486418743817
0.9754998435347956
0.812551147260513
0.5296967304782791
0.9354760400093097
0.7970840535434393
0.9984265527282331
0.26508541808292757
0.8615295577191748
0.36833132509947275
0.9043720692008127
0.552388537179349
0.6424533571606166
0.45117705273044423
0.9346072745115777
0.24688051194475047
0.47929644898628787
0.600544137380703
0.995797410612903
0.974824660397971
0.6995816586055462
0.8522313998204541
0.8900532052481831
0.07707826733532239
0.9388688395992215
0.9920402072652111
0.853806817273808
0.8455069566316834
1.000059792965704
0.8228029075700918
0.9379400091325921
0.7998294415272382
0.7616724291972713
0.6986118012616713
0.9989490620140009
0.9993414397646275
0.8683964601657295
0.9057839432667479
0.8149677244664225
0.5387915448926908
0.03463852666712653
0.030999590377649582