-0.852257785238504
-0.11767282714213913
0.34844181709415945
0.966538634220801
-0.9272529328530994
-0.31588188871784934
0.6428348519652165
0.30879432472111995
0.7076920488448262
-0.6153238246932635
0.6197238363164976
0.30062341106964796
-0.9585091375122504
0.3152024347607833
-0.17620348743947656
0.7543970214751928
0.6503051542762686
-0.885758892531919
0.7051019388072307
-0.964105354981016
0.9474125735306216
-0.8892022150065912
0.6974145053989789
-0.6599341350951704
0.5493714250856094
-0.9391212818775875
-0.49775915452283165
0.6904907179857392
0.9033020773448367
-0.8679227395305664
-0.8915353275652789
0.8222521498616847
0.8128026545023394
-0.7954218079424978
0.7611366584612635
-0.6180647489078949
0.49668735060035907
-0.836815428285775
0.6133195436720594
-0.8919318781751583
0.17664925316247115
-0.6749460075814331
0.9623301613636935
0.956689897559964
-0.11556766749893181
-0.839454064195465
-0.41851072935709743
-0.8402592426652444
-0.8129601912257177
0.13753666065201087
0.7908291836807743
0.6433119924238625
-0.4554631261313765
0.933438793853155
0.8082552423339696
0.35434583151589155
0.6568575811452446
0.561319830466308
-0.8624039510242295
0.8937794547398716
-0.6372385116205331
0.857633735337102
0.8192697076362615
0.8601200176445377
0.48352357064099
-0.726479066021322
0.7036718115492885
0.49848172148680847
0.1645779727177216
0.3817668467255262
-0.5348484998298697
-0.7601942281083548
-0.09555720220669113
-0.7332838841411334
0.3296962448551917
0.835821231984193
0.7535378713894462
0.8662507047721106
-0.7275801624266234
-0.8401775295766627
0.6447282278403482
0.8316880002466144
-0.9259504839059961
-0.5131345981048135
-0.48457957435445814
0.5245517883847737
0.12069599163074211
0.4731957943730631
0.8138996058185194
-0.8874880512830373
-0.8188128265327188
-0.8519176205472611
-0.7366325362078647
0.3726372905720858
0.6442763109546805
0.8154411751881369
-0.6910933011987199
0.6174245885033505
-0.7605482531337441
0.8921483262258337
0.8005850407659452
-0.07360176726042493
-0.9135243017533556
-0.7291302069480975
0.7912840995398842
-0.33713689693640947
-0.7660176848293401
0.9189529729925316
-0.49427247555121484
-0.8539442353796816
-0.5408441383940211
-0.43430873701349976
0.42644236835559257
-0.8177346506200727
-0.33000746157179356
-0.942363561328545
-0.37104402648897433
0.04438906570740142
-0.2664556623833989
0.8883360468680034
-0.9040964709815417
0.3312111886377656
-0.6244858315119237
-0.8776356740628424
-0.6111335496334844
0.17175344197187126
-0.9606901406829913
0.3434698767707783
0.9577791116946448
0.3703711083690378
0.5418032309829159
0.43177480346779007
0.8404316214193177
-0.779631549131651
0.17416590313540367
0.8091074530849902
0.8569929821316548
-0.5341038494526295
0.30620388987809793
0.5746043806080592
0.7187437089396334
0.993996790206357
-0.55592301175828
-0.8881293753662876
-0.3645113825225876
-0.7894684456090667
0.7683919918130812
0.5489585016782222
-0.8417222553757531
-0.7309229007073181
0.4657722078299886
0.45158422712500207
-0.9754762903983674
-0.9378762536387432
-0.7721559574580267
-0.539714412612929
-0.8429000457483237
0.9536548649334115
-0.7994314260636508
0.8318059304829355
0.667232111764467
-0.9870195124846219
0.931197561298296
0.31212748347285985
0.12572571974025146
0.7585069639206617
-0.9054656110656548
0.33230351197667113
-0.8844949534712564
-0.3178329022831643
0.9870529379441406
-0.655653996847915
-0.6481216053177569
-0.4645082238168036
-0.9989172770540916
0.7487518748051727
-0.5827026363259084
0.7480699020122052
-0.5579117406246206
0.7671694330462762
-0.45558106966580214
-0.1674360427202929
-0.3742451997292026
0.5286499080814415
0.9851096330080831
0.6374832245317248
0.7284073168773948
-0.8799304327040809
0.33500983150950686
0.6316661287870003
-0.39612676657676976
0.40492857300753615
0.2755762112780763
-0.18569652673145012
-0.3851744304199731
-0.7713424565840664
0.8896833117384221
0.5056444373934194
-0.5063696015368815
-0.9923136500124954
0.41983906917999586
-0.8477419972113329
0.4198163457370625
0.6888556332201559
0.22886063102055007
-0.7913749277822906
-0.6700144344961502
-0.4720054497003201
0.994568972839968
0.5129987868029771
0.8498912789977109
-0.7742585366361304
-0.738377721569645
0.8782225325964194
0.9722341025939023
0.9765121425506228
-0.906894804114432
-0.47471354437525065
-0.31472309593289083
0.800380301006727
-0.5548911742475892
0.9314144223716182
0.7783051360534102
0.746397560695937
0.2427586365500893
-0.9614419281513934
0.20068157540136689
-0.8129332872707161
-0.859898447296057
0.11211386006633917
-0.7500792292785353
0.8691972857784674
0.5757856084482139
0.9569445918223225
-0.8155272227891855
-0.7599458874065833
0.8562365308937497
0.5501104762737301
-0.43985158470710495
0.812083714347732
0.6818328741343612
0.6036200717301454
-0.9348759833949626
0.3324076794728226
-0.28805435490909276
0.7864987673795968
0.812092501057729
0.9909673386859484
0.05571411858621608
0.09634518501696726
-0.7464856393595797
0.8232590339167879
-0.3368054094445398
0.4293268487194554
-0.681880810864318
-0.6609656209692492
0.5781314679459231
0.3804448682920011
0.5125238482275368
0.3234745004464731
-0.5440553111118683
0.9569583818691556
-0.3768366842506569
0.38158424907227523
0.7088398283476728
-0.5587231639253369
-0.3554313033795939
-0.8972663726288934
-0.12185002450132376
-0.4903720274092388
-0.4593443491448386
-0.1809690759451536
0.13352798960216422
-0.4734349596100209
-0.9984738555026388
0.935584472222783
-0.645693538426441
0.3781539323070037
0.7030049394813346
-0.9105968203346787
-0.36406377707445514
0.2909563007046555
0.7545307112411264
0.2058717547518115
-0.7523573136011107
-0.5109900871087684
-0.7664848803775471
-0.76205255598341
0.2285405707831854
0.3519254637730821
0.8780015184039223
0.17155206812129922
0.46033444904203813
0.3608468193837575
-0.4142231084483629
0.36066938489025685
-0.405911278738973
0.9073479351719069
0.11494623437910702
-0.6374164683916775
-0.9099079622607181
-0.5373691587069042
-0.6311867205077868
0.823130943399956
0.6034122971508133
0.8021815282059647
0.11484575748429526
0.8441612809472553
-0.9249962219850473
0.21718929474943774
0.2694636003247771
-0.8861008842750354
-0.871391232297346
-0.18002631269435782
-0.5125770445190515
-0.3619361232925308
0.14371933382440905
0.9102583913304295
-0.3550204724089569
0.8474651662864563
-0.8914621791329919
-0.15685091108999416
0.6577654789258488
-0.9465280277997348
0.9820864235663018
-0.7422734110637014
-0.20360189562493708
-0.3608938269227585
-0.27889119839886245
-0.38591103732001086
0.41760731212543717
0.9923067381460666
-0.9054550800925423
-0.917818596071574
0.5462774247252765
0.03233540848260568
-0.4963262155207987
0.060329188227431614
-0.7226869671128812
-0.6242961475679188
0.7926100856777143
0.5140273877942617
-0.19614809587805443
0.5856853846658747
0.7057353034150937
-0.5293065055124306
0.3273745027873307
0.7494406273284046
-0.8535799142204475
-0.33974945126306716
0.7594012314146574
0.2861313508992183
0.9828202310109654
0.6480314696131915
-0.4631980456681585
-0.6430447199882043
-0.5444873183106606
-0.9300306778055057
0.5427304474998969
-0.0247823350207483
-0.44022613036718383
0.8329427736074999
0.5783801144359483
-0.25618373012024204
-0.9633132216711909
0.17827341021779095
0.09808442047458708
0.6198136304306764
-0.31356951720935644
0.8850529969919515
0.5339180242795559
-0.36084146968138525
-0.43601940972177244
0.4783692690470379
0.8411428018852029
0.1499032654563912
0.7858616148466252
-0.9424348575686464
-0.33431932736744646
0.27732080639822165
0.7337558388628235
-0.3284177920269729
-0.5181104655277103
-0.910229948610762
-0.6724283344615251
-0.9868618415516228
-0.7036831472124534
0.8375134910849164
0.5442737895518415
0.3075834770133572
-0.6302986124182092
0.9733805836951647
0.5945577515868514
-0.7870844847889327
0.9629338118889678
-0.9213131269485931
-0.5459894781444259
0.5197964678021976
-0.9904200122972658
-0.5812820072556669
-0.9101087589272908
0.5866825584058992
-0.7682558293714793
-0.5750453390331384
0.5988858941214509
-0.8999065741699133
0.8254946117000916
0.38510587427679954
-0.7645325372939402
-0.5175688963890441
0.8373628998502441
-0.9590374323259756
-0.5417363252505434
0.8339081152835507
0.9602334130942515
-0.5050462438396932
-0.49653619388055875
-0.4979655234377588
0.856119213650432
0.9347508320144015
0.07335348087659245
-0.6011393103221446
-0.7445393730009492
-0.5378476594357782
-0.6541402843865723
-0.11040965167659192
0.756797664400264
0.12458903763304752
0.948611811763439
-0.81912222857849
-0.677315395532059
0.6906735443837776
0.3317095305334784
-0.2851760131679444
-0.6431010697339289
-0.8518022111895657
0.4564765230484264
0.9675625435541261
0.7725648473080764
0.2792833297989436
0.97399283757093
-0.4905259094777473
0.9769995188067152
-0.9528323810611039
-0.5086028361957281
0.9084667900675042
0.5033051640620686
0.9905369027720481
-0.8235302577412199
-0.5789617705749595
0.519793988523362
0.7440642025435213
0.0373367235585021
-0.9793789547076731
0.6719229498742135
0.8689727196987842
0.39017865133657836
0.43479572183561227
-0.07643798482872023
0.9751464526544775
0.9396577881077662
0.9542832837845316
-0.9158162480822946
0.4469817807126751
0.457337480908018
-0.8623240495872058
0.9196012285371707
0.8320664951697606
0.03954572480985139
0.5417989113815399
-0.652712558060054
-0.7194637003299592
0.1474197046909937
0.9164815026251609
0.7230494531955945
-0.34207774588154344
-0.258946489594463
-0.865812644091275
0.08502710010109261
0.61675876487672
0.40962269879516616
0.6215039689677799
-0.9474968800459593
0.18482987978917276
-0.40040604807384733
0.9651264056797261
0.5594478491565097
0.07647696374438522
-0.5830441892100889
0.8757343587095439
0.41790044355749034
0.6253214442756135
0.7225415954815012
-0.5428248075092164
0.4845396472218731
0.762730846983284
-0.19431514880661355
0.6619896537364014
0.9599412228373089
-0.5526718911221496
-0.6409048850415076
0.7683083862872809
0.678448467093435
-0.07867012580001752
0.37109892432327435
-0.22360972838383628
0.25072596803071817
-0.7961986630828952
-0.7486893025938083
0.6111755920004421
-0.8580186821805976
0.3238573408824219
0.7524519968684997
0.6736113727849457
-0.7250024098645121
-0.877814112304088
0.4565498557729039
-0.7356895546200499
-0.4473713330484428
0.684053497359647
-0.7349717923737993
0.9857573060639958
0.3056125951929235
0.8211215566953439
-0.4455866789455117
0.8527170299476364
-0.7210310292139849
-0.5452376007196148
0.7202734768921976
-0.6065734505251524
-0.6008807628468478
0.9965117364203289
0.9954499911834457
-0.38365569852711134
-0.8482144394512443
0.8812211378101276
0.643607274889567
-0.7768200226207699
0.9905129201160596
-0.6792461519050969
0.36930677661950023
0.5359536017671103
-0.4330459095156904
-0.925732999214871
0.7643404146945254
0.5376678934566239
0.46347492921207806
-0.9788006040551399
-0.4372945634922782
-0.9472687358977906
-0.6404865317962817
-0.9030949273620433
-0.2978490098492797
0.6907804152098103
-0.4872857682559889
0.823491335194536
-0.7464736022170595
0.2569243633455048
-0.7321071262240558
-0.7445849179260638
-0.8520836552104587
0.2764936798700795
-0.6764424906927771
0.23487170600482266
0.9410137322610821
0.9768259653887444
-0.47977070516964887
0.44021365173344296
-0.4633918994615303
0.3906554671347894
0.4744283956777409
-0.8833418338910749
-0.3360137164225288
-0.718039072734956
-0.9016625068709261
-0.8125257687229586
0.7225124594496909
0.32864142959235343
0.7373981850229641
0.8980994691879425
0.3343623698819445
-0.23744288770340685
-0.8972513864104189
0.8305994571720234
0.5427701752466062
0.6304851198593976
0.7269313452342333
-0.7124101450251994
-0.3512677376895516
-0.8080259385836812
-0.7258155136507763
-0.6083643146593758
-0.8687504158495595
-0.6682282684603701
-0.3668011288876579
-0.9721784592386771
0.6399219918107915
-0.642697969257497
0.96076283557957
0.7227131110516379
0.4794535246200884
0.9769768453992317
0.5126137071382716
-0.11884173512801009
-0.8761339720714492
-0.6584496279164201
0.315382281066374
0.5954972165466478
0.4748817209112041
0.515583356115366
-0.4666690604958611
0.7780617793555449
0.9476234627710456
0.39524948394528486
-0.6477905954129713
-0.41764420156667703
0.44582260009880625
0.6669929319948235
0.9616357262045133
0.4341258498173245
0.40180979854279275
0.2028800931845883
0.7203572844644246
-0.9028084891702574
-0.6703569778629409
0.6824502615177598
0.5580142823196231
-0.9729822222150314
-0.744486957504548
0.6448241684830355
0.4554048670841882
0.9149138234810535
0.7231371668156285
-0.5142203128716665
-0.23639395610289451
0.988950006509652
0.22775873772113955
0.6084152757429558
-0.7270971068392356
-0.7455197229724125
-0.7023945216300788
0.22524824348699052
0.11204583227724547
0.7186992302104104
-0.5149102498782552
0.39929524901954105
-0.5213353492756032
-0.9886571265062288
-0.38393561507416246
0.6217895709301843
0.5478675308568959
-0.6791545010917869
0.5565675582896095
0.9664623813757225
-0.8921161787957161
0.12904357953961965
-0.6087823956862077
0.7203714008004307
-0.9264074411387978
0.8566460068915103
0.6626638791688542
0.29510148499021605
0.6763099300835669
0.7748971053343127
-0.40752596809933284
0.7327132885396114
0.7243981991461863
0.7316363256421075
0.9741010451293126
0.33432127297525666
-0.7929270516570636
0.8294103393076346
-0.4483979479531387
-0.8376584480268906
-0.5744103571418687
0.9290654965322406
0.6460558314165349
-0.8219155479477047
0.7052842458103461
0.3506731346060532
-0.3601092961686887
-0.9703121711434072
-0.33405760853820965
-0.9615468182362368
-0.9507024366840338
0.6051846860710959
-0.6349710183269859
0.043804328396590486
0.8450552778579719
-0.21213774880599098
0.719398268636104
0.8884230779856629
-0.24347493391623315
0.6557220510900711
0.9512385327296141
-0.7308696040983361
-0.32450267410704675
-0.6412014401333785
-0.626644970016337
-0.3715081520823087
0.5488314003957709
0.5496675062141165
-0.5478514232532032
-0.6882838981393511
-0.8945669579358588
-0.30207842259561885
0.9012599205431816
-0.4998741252215338
-0.4569665605373731
0.4909999338474653
-0.17557128720104068
-0.4995514668473604
-0.778617037322546
0.37541281358261136
0.5674259827518299
0.8639717316184132
-0.3731971236858803
0.7691837425413746
-0.9898120512672264
0.6760228194640673
-0.8850625364754942
-0.8654828865221394
-0.45378264053062367
0.919495470698986
0.6181402066827831
-0.2625374560179651
0.610027164445059
-0.9532395596510509
0.4882417278271524
-0.25988718061413135
0.5033227138122843
-0.8888559248106924
0.4124306510195648
0.2907216198902887
0.8825240914890031
0.9367801709642184
-0.9860287166320422
-0.5155272342532486
0.7654159639127247
-0.23059049110302843
-0.9854470985842873
0.6726256577457891
-0.9198573146962812
0.43718620362890925
0.6280166951958509
0.7873021826056845
0.8996535340783127
-0.9765292754665567
0.575196918721274
0.5969823437145834
0.4215015191363908
0.824748336033214
-0.48971518698932204
0.8544483560650686
-0.7736720723631088
-0.6003419513423562
0.32919709668296493
0.6654816646593039
-0.5136650441816325
0.8981562324189725
0.965814590708627
0.7692427487997978
-0.6670662048265751
0.9270391114854168
0.9336192585725817
-0.9532700149884908
-0.6361773939338871
0.9905984465953537
-0.7969105444003304
0.3242098851638379
0.2428891719762605
-0.6492753141226307
0.2856608218028946
-0.46920207595352587
-0.5626730040960203
-0.5259714532250971
0.8796061897255799
-0.8011628896457254
0.35000068910075977
-0.1745900821886603
0.9341249599383883
-0.5073588484556623
-0.9912391587055079
-0.7551050394050588
-0.9049653498660463
-0.2059106359680219
-0.5172124053609009
0.010122263242791335
-0.6080224075902765
0.2268434736265755
-0.9132935982942894
0.09432761604769287
0.9144260188697281
0.8738716719621659
0.4726577717128023
0.6584610865422051
-0.2616847183316413
-0.9267569288249884
0.596279293349055
-0.8362774535218344
0.7263814649414413
0.5823833752048172
0.8553351719714718
-0.7654328880285525
-0.9906072962372149
-0.8679842720313774
0.782977104099614
-0.9879940052846572
-0.8835372424422792
0.5344758327348292
-0.750013701966052
0.45941447001177793
-0.8905004585550834
-0.865444881501071
-0.2589189065949391
-0.8258996539849189
0.1599302759022126
0.9491622061316248
0.7365170783235493
0.9333484384099355
-0.2599078320664839
0.6654278415357602
-0.4581162293440912
-0.8521047334766464
-0.8876356655822382
-0.49067524966666276
0.6965739711582382
0.7811385146402482
-0.76306256192084
-0.7041289192410388
-0.7170049669324033
0.3805419957344088
-0.7807189080222895
0.7202953400651124
0.4004038613344341
-0.5501235694055139
-0.825328801462083
0.3041353001656572
-0.6677087849163436
0.5283816934152934
-0.23890263190568606
-0.8038737400142143
-0.949723723863657
-0.6992203594110173
-0.9253021032450298
-0.12376566152618616
-0.887253771893574
-0.6837620983967743
-0.6144370337463477
0.8768733328311539
0.6086804008633604
-0.3211964031035367
0.6369522635383243
-0.49108635767869774
-0.5221654701406226
-0.7629569931364655
0.5592224633571686
0.4666378097347631
0.7570643859050057
0.5786382383923686
-0.49233840451555916
0.8393433620840004
0.8212954816304441
-0.8864984149586079
-0.37505923990539575
0.12119526646536498
0.45888984918535575
0.2890886836341063
0.3647032013518499
-0.6889347237885172
-0.8348810095176975
0.12018902173289639
-0.9156728320460457
0.7061274276232933
-0.8462984726429612
-0.8475309085014351
-0.9507244977206883
-0.5885011463115802
-0.5367007245701586
0.7690921311887852
0.5698990543967428
-0.7375512904141274
-0.8423513713320344
0.7197322983272205
-0.7069553202431609
0.25332015784465844
-0.7678888408423111
-0.7310672970958351
-0.8583834137340982
-0.4397499623007745
-0.960452626086295
0.880495928665462
0.9866556674936696
-0.7900695694887865
-0.42337519907900073
0.36251131951186116
-0.8100545934357248
-0.6868252915972741
-0.7989614194760314
-0.1728718869341868
-0.5594798199084638
0.989935421406206
0.7703679285547173
-0.3809525508836841
0.5644346910164665
-0.17203888243333015
-0.4683257544194871
-0.5768950079212954
-0.40393923838825996
-0.37249290934086776
0.5189350481150377
-0.6160533676360229
-0.22425057784224084
0.6051914956139922
0.8424171672871598
0.6246209122024828
-0.4233983850571601
-0.9791311490784148
0.6931374646392007
0.7893125098275762
-0.5649629606894795
-0.846407750614748
-0.6574300506203541
0.957848787540315
-0.4149772492938818
-0.8732238428144957
0.3880055009440598
0.37824358218465126
0.8273465997434862
0.8712633765940495
0.8262765649339135
0.5296076235017925
0.6940741404376114
0.8813613373072717
0.8986654888242095
0.5554123563535046
-0.5308563683593011
-0.9367057158938925
0.2654018993834254
-0.47205489393830424
-0.81561482783383
-0.9720397660460597
0.31930460664521354
-0.6851879222040687
0.6058178250095979
-0.6903095443565866
-0.44773285944938707
0.42757727125216477
-0.9541027718700844
-0.6653549451795624
0.8939579704740953
0.6208578904432115
0.275200053260254
0.8353903492753374
-0.976826331165928
-0.8180506040272212
0.21510387702500183
-0.12009131510376356
-0.38253285762567973
0.579883543325288
-0.2867553551457358
0.6683323535648082
-0.60982803117986
0.8630986068000638
0.8075177047801789
-0.2746930945307113
0.8922792618891365
-0.6054085402695448
0.8399721128232445
-0.20501336271090362
0.8006944689059028
0.6178948120307332
-0.9644156530142967
-0.2845460301176441
0.6490253519512672
-0.602659341207039
0.3835124433355465
-0.933065736544523
-0.40126026710471996
0.8678235334378865
0.676603231656653
0.04599534004138918
-0.9599960499119932
-0.24207249441540937
0.8595725851572485
0.6276111158795282
-0.8544785086309826
-0.8958737728091154
0.9461428581671109
-0.8858365010309336
-0.6608365201933305
-0.7621407893008496
0.2377407079560387
-0.9976489815335428
-0.3620848056873297
-0.4173707030667506
-0.6142270957704067
-0.649477376963594
0.18563182673015913
0.1715860799777232