0.8571591066613302
1.4428746677765574
2.637581439752341
0.6260172391618788
2.0825665791418393
1.6616958365821137
2.312926205427644
1.754308501254049
1.4997649238695558
0.33822863919574786
1.0872696949277998
2.0820215084970544
0.3200620727593195
0.07196113764343792
2.370293844574708
2.067955201472774
0.9489387916620124
0.42218999931325607
0.5783071458754616
2.2696703780211847
1.772821770403639
2.664346378696563
1.5015535805465579
1.8179538818306842
1.3994956897216673
1.1846462216755613
2.0109770757509615
0.023142058365300144
0.003194005605676953
2.722433258075701
2.09379079203231
1.7025567965935018
2.2330242574955754
2.9876116331442324
0.4951609113661597
2.895824719525483
2.6547607114352516
0.20852555422311436
0.7600913397409044
0.29974563636263607
0.6869789448645589
0.5134741324335468
0.19581686513782204
0.9996712310877465
1.1097824538384033
1.08986916588061
1.550368483237528
2.2778362046301046
2.2998310138520015
1.7928659848357018
0.9027298929527481
1.4783327406234603
1.228123769089776
2.0457230278256935
2.3225864644748233
0.8058818947014812
1.3485300136047007
1.1250938634186083
1.3428887059549774
1.6456289484572304
2.663219628045468
0.9776822618440999
2.115297629320379
1.4985715580541177
1.346466743735209
1.1202757376532855
1.3408566520477105
0.8690345842607421
2.9996476528982834
1.7927196974069028
0.22229193909614642
1.4460892094134765
3.1372863721090356
0.617750577435026
1.9318262139820757
2.6315718402899506
2.017588538416196
0.3128180142668895
1.42828356525954
0.09346050257398897
0.8839068200154809
1.5387674103280409
0.381257244058828
1.8487602043553055
0.6738806120014509
0.4133148317569364
2.0099599461347495
1.6443337881605693
1.5852491898445624
2.3732925542921013
0.9031786361754897
1.0767375734184466
1.1932815666996701
2.22655193183462
2.7477510475138605
1.0555720766553263
1.9358602397619613
2.618574837700942
2.4864760296871777
1.5964564204917817
2.1475401062524204
1.282793664211888
1.5481646334003099
0.8374712343860398
1.094449692560457
1.752232126913448
0.5391093742448758
2.6179205385842037
2.79924976478841
1.7324359527253428
1.7471479054638799
0.390453388284397
0.28388381647846916
0.43751715438659566
2.542207032101911
1.7678398971008606
0.18991024517132438
0.4470415433304642
1.798762172755116
0.3993038446811048
0.2660815174801088
0.08202152555676712
1.0375389044933243
0.8073297009886646
1.5810541320533211
1.308327813706784
3.0306259200201726
1.8370604298302329
1.8986526452571404
3.0170454263282824
0.40255924537446663
0.36642629317296116
0.06912688048751825
0.6285670846708062
0.6289610770498655
0.20995797982238917
1.8800357433237869
2.7910463900105382
2.0420128075603694
0.9146481311864596
0.87271651924293
0.7604467517027285
2.675815936426992
1.636701584732446
0.7591646129987231
2.3610706482928796
2.2422406481496013
1.5545685051756744
0.34636725477582475
1.0204345541897908
1.2875270540819397
0.0011657335078982811
0.5773904070492826
1.8599810652685997
2.2270810715725
1.8327951298939897
2.4715709021835552
1.6482774347199136
0.859585790675621
2.5178978288905425
1.1054317062941719
2.4624431501823247
1.9443519480923932
1.3457922035014258
2.3189633629829913
2.4241396843624514
1.4075949207716905
3.0601703931986446
1.9537177466515514
1.9047236103981495
2.1698491756177702
0.054609022939518415
2.4697130964598353
2.89368294758043
1.3122725648699456
0.9032784444212467
2.476457419990213
2.7960898056924286
1.049392703341737
0.8028116325964487
2.9416699030343167
0.9063571398016093
2.987547555883835
0.6410535340663608
2.0898232934940824
0.6058972528936359
0.4661180556870739
2.5336277100655282
1.455053617428649
2.987782494363822
0.9910480587368067
0.8182377252818012
1.6396770089445294
0.2715762207340493
0.4098200355282611
2.915885462481498
0.8714586491153824
0.30410004386324285
2.1117373356195994
1.5818780732998086
0.21926535682676818
1.3979612243132529
2.4587713259013757
2.0371547649328283
2.1609115933874934
0.48382772936890994
0.9529252099307968
0.7701614017139131
2.5243723191519516
1.4375601615222937
0.8272034326790507
2.2252960978134766
0.9713482667613436
2.9231165104747774
0.7976568750657513
2.9919919757185465
1.9041481887006375
1.797376866623737
0.7092085317544914
1.004156614327032
2.7263404173561625
1.6845568432232252
1.0788228297781632
0.5413798025607726
0.6389473581649328
2.4440960298461443
2.3130136799970904
2.4406411085935034
2.8706717217587334
0.3179441351542138
1.9476990771165
0.17029011722644505
1.7218417867191151
0.8739984830327252
1.307844857202233
0.6697076609224126
1.3862924601686935
3.031989812060929
1.3723163502217872
1.7760277058747977
1.5133754883545611
1.0304374627490027
0.9432042913345882
0.8213425034017194
0.6914372428518871
0.4649092003226243
1.73966486773962
0.8207001866935082
0.3478740925198167
0.7360403510486244
0.6932086439094092
0.8580830871411287
2.7084386454433824
1.5339917038737445
0.5952276182523284
2.6488497099432644
1.9872336652385467
0.17128484446318204
0.4306303667585518
0.25786206156278935
0.6929763229198493
1.6109403414707213
1.3361203569120708
0.10999708048682466
2.7802952445779985
1.187033598890891
1.4747327758771647
1.7222200713316163
0.11046558287587471
1.7663422397958835
0.27186192435137846
1.9088232063229755
1.894145068899987
2.9457037060629396
2.855586509595459
1.961279151641003
2.3103090596391853
2.56658378662636
2.0840226117539125
2.834734385683344
2.933989983267187
1.6820252445115198
2.67215161387424
1.2028653318372537
0.12429403457475985
2.652228972701109
2.294006461857073
2.48841933738346
0.8479878940256076
1.1982149232763017
1.7788887112268004
0.6377807825123072
0.2643761900072543
2.6533672961975148
2.9184792871544074
2.8968621694672363
1.6496729012827123
2.057925419198181
2.834632625848151
1.6334467169746656
0.13583820077571485
0.325895799493622
2.0425529460857135
0.3657664370538867
2.4163966015428917
2.4523822619853908
1.3297029634207709
2.9761933945183836
1.9451602535814008
0.6895110110927982
2.624778687271589
0.7429738952686034
0.7384567666840263
2.081739679488712
2.5132060447781024
1.000557674784619
2.7061942672355794
2.3948967516909745
1.1324477322742856
2.7255002604091425
0.4937362753384078
2.2402733264883903
0.5358631210899474
2.5882924706934007
2.543308255966812
2.06795360359292
1.8459846931693127
2.016397917277411
1.892299155155885
2.5602337685526733
0.5460083155105355
0.2391763452868454
1.7462169786063368
0.6139955334538967
1.8437324848345824
2.667155610032176
0.282483485931194
0.8420311291564193
3.1227140839388188
0.842984625181951
1.0271739580946422
0.18902216284927587
2.159343625725729
2.6940465376734464
0.7267366057449962
2.7292771189842977
2.0540473565805604
1.6285318193890665
2.83398763811057
1.6621104247881258
0.99525420305413
0.8007964039551663
0.9045713367611317
1.056790425149698
1.2312798634358346
0.3947790509365321
0.4791923539091343
1.8154869828007385
2.778969788744079
2.20946647763261
0.8499692942403283
1.6253613374509026
0.5216692687689659
0.8002477644743493
1.6141285920393802
2.323861131625738
0.7675455590949203
0.004676698016369496
3.037739167726329
0.37589663395075457
1.0050756537614234
3.128387125471633
2.7411094792390154
0.5893132813137636
0.8617846200804671
1.1159958748080534
1.7375535386431675
1.3563539982625237
1.6335823268298775
0.7217398077121993
2.3382442099080833
1.5821512329645326
2.647862397236106
0.8297352066971952
1.3026150296597026
0.10129375168789112
1.4034743198803064
2.104036632761673
2.55252829049463
3.048135097602481
0.47861264392594105
1.2742456695730473
0.9034017222379811
0.15322840260519177
1.3526470933318793
0.03368614106693535
1.2193054184770808
1.2715738009560953
1.9027589035283334
0.4286361873863056
0.014282437945058568
2.5195590898646865
1.450788379664779
2.5244768276734177
1.758520776491074
2.9470184223140885
2.9706748378565644
2.3533650787608913
1.3044019666837272
1.1183157074072705
0.6520209251336819
0.6937340895005573
3.034510105522487
2.423054566828773
1.315661971532597
0.36772486959265027
1.7065978036259537
0.7656816359421121
0.40909636464055854
0.43716376235776666
2.9252334813202934
0.5901571312408214
0.38745583249720905
1.5892608629770688
0.9042975351413842
2.05445472474824
0.5731452322609853
2.1090427760656256
0.5174263013704707
1.6795965420902998
0.5653285575419327
1.7557406676659566
0.03874570521284193
2.2905290974277612
2.8898046967292066
2.3421811791242995
2.802534604443557
2.7154747343760626
2.3999513364428173
2.597477136099366
2.10506222921013
1.1435792099291433
0.8792267867483741
1.9985937451973594
2.6291318034618163
2.8852786978365446
2.4588116743776647
2.1209008538309293
1.76690528580456
2.2152556039561944
2.526603388128869
1.229565035829559
2.7902587828550294
2.949439970448285
0.8411602431955267
3.0804084305094097
0.6570502304531676
1.501090979976131
2.2982668079165656
0.06692849353687258
2.5337915872918604
0.49106739901563135
1.7561219196617754
1.2342626810379924
1.0318059190431228
2.943229280029467
1.4909384227955425
0.5499614576877456
0.7438357675854554
2.854705416597537
0.6431472751152305
2.894035868199392
1.0661138961398198
0.1347753908210727
0.4426588311520172
0.4596692993879947
2.5004492692161486
0.3364281085649501
0.46814326239712534
0.9171814294235636
1.0719706670900608
0.8755606989279556
2.1259158153925126
0.6860626731546366
1.713029984455126
1.093170172249776
0.6842855700026562
1.7880454435733064
0.5116903943777613
2.0922811511536414
2.384805392151822
2.374561598581831
1.112268238454142
2.8374153127488366
0.08765669063104653
0.6995796774606995
0.16965806919639315
2.8402461069935123
1.760772057312007
1.0258041327343639
1.278903529956584
0.41431601012308095
2.231187254276235
2.2040649647566006
3.1375091735552427
0.15216789088188465
2.2244695071804923
0.45665994383883435
2.2189287742282797
1.5054101366042918
1.3700977890140846
1.9459729028894506
0.24330041629969523
1.2002598777588798
0.8598631327473241
2.5743960201618172
1.613225492426202
2.7784517410077063
2.4465840502054377
2.008924501692122
2.3688042898242063
1.034077044110333
1.7438713252593532
3.018734673292993
0.7107314306948314
0.2574497471750017
2.2092529971649526
2.957006861969848
2.282597262558153
1.7024697277671033
2.7747782852273746
1.5028593502059104
3.040640131413957
1.346513628601989
1.7386823495332893
2.6993284293369166
0.6626573255223596
2.9705499368462824
1.2136298833873393
1.2676240550981692
2.8136207123919323
0.32205847333951354
2.489651271596685
1.5817441097645766
2.0156686656351566
0.7539992704147847
1.7521526471745252
1.009519093351293
0.4225836431440202
3.1066809348452455
3.016106998384327
0.0007264830941511313
1.152084668070926
1.1127508815943177
2.4256358453439626
0.7512753897980531
0.39309587191501016
0.248321411491073
1.384721985806891
2.7583013674370873
1.1878382700540202
1.5450691939029957
1.1298119508036306
1.421394011007484
2.1861651185072732
0.9190258672294771
0.3181029944223033
2.7962148307606727
0.098483962081934
0.4106301867090112
1.680562963783606
0.5119051470231013
0.32474187402274657
2.6125804827630255
0.17999383375694666
0.24016623759192868
1.3271032823167355
1.9291664292028914
0.9333351493813593
0.8684032818578986
0.41857779787670113
0.8257178340134588
0.19123203525465549
2.626494453111884
3.081469070177972
1.345771001149739
0.1103351755477413
1.6575685057302456
3.0374446508536703
1.8389199946582666
2.4180240455745112
2.371691382869553
2.560179950805118
2.8500447932962167
2.0808924820627492
2.283528149342719
0.652653132098453
1.2399324002023402
0.7875774212323958
1.4860788127606828
2.1872490938302347
1.3448343108944165
3.0987268393942156
1.5169435912725486
2.9411990234480507
3.1014528388879894
2.5833737849449694
1.5809115087683816
1.9924702990156646
1.5988040712398188
3.0562269777434574
2.857217629375442
2.1829236086424686
0.1797633651418198
2.53525478875913
1.8177114898784739
0.6895972546412432
0.18342438825660334
1.222907206249869
0.06149910736533393
0.5206225118198282
0.876799235154273
0.22507867134331327
0.23397719110589454
0.1313101442259912
0.525286429336981
1.1417534807614347
2.723085352210383
2.7801179820769555
1.8086035096213822
3.0602573607315833
3.116499887310769
0.375302744754094
0.608479229954269
1.5415379919326613
2.8020186914386125
1.292263937275676
1.2502082723809709
0.14262114076348054
1.7868962112568916
0.8896416658440582
0.65049621522357
0.10055772776141714
0.37735013012344965
1.7083936998049678
2.974000494763912
0.6639754605857102
1.2596824523880752
0.32985761158140603
1.0186814752941338
0.46244456379549437
2.606965431957173
1.0406881815673774
0.03283831848863672
0.20712239868104954
2.887028902347601
2.969246329653945
2.332978086763079
2.436576151001673
1.4008680064815735
0.7278623968345879
2.990464919496298
2.046052232673251
0.6465688223719348
2.807985115980607
2.4056161281336648
2.511980623621846
1.4065571939000847
1.5847239380458635
1.1796265157371764
1.1970137502250537
1.084933974639374
0.2458620129262825
1.273334170514965
2.6486079041719037
2.9391027915548316
2.713740768465442
2.975644265928328
1.4869598143070313
2.7171873908044146
0.9007629374294437
1.1069907050491166
0.7182899461941212
1.0382605562973994
1.5035619283626174
2.851326919377926
0.5753995863118715
1.2612326462657792
2.6601977939260983
2.4062766681986645
1.349814233389174
0.18116465524136327
0.31915078198692326
1.959661152862
1.1691665243254645
2.4288581734446693
0.1533437980263077
0.2818701246459323
0.9496298177938973
2.0268267798308486
2.6483938847837356
0.31320041726459946
2.966969957909593
2.519657819461237
2.0629580559398804
2.337109851875164
0.29654544945513406
2.1901937444127473
0.6560226396782376
0.56509526059234
0.06705780988252741
0.8827839044248016
1.0374760812555355
2.311412552647556
2.8329567700512133
0.10390914603416945
2.8915092683140537
3.120462916330119
0.8394718605479343
0.5248343183622226
1.4357734581208428
1.361742586637721
2.3758627445438982
2.5443327889053178
1.552130127139523
1.872937843946584
0.34535911933742947
1.2175773852689797
1.3868803708434463
0.7529292512707535
1.2611574031881858
1.8940122459305897
2.2195476734672894
1.176512815406464
0.7104362271060469
2.0618187258061793
0.35395360648576757
1.7287920641482408
1.2147269047569713
1.0272338008845914
0.6631738598447963
0.9281357010749556
0.8600253888139333
2.3112361329715734
1.9795486868757264
0.025043326399492027
2.126496081903926
0.08288423451157012
0.36022924881510354
1.6108096398569716
0.15403079139273412
0.07256084924009665
0.5955959040786403
0.9613911343005164
2.9400882289952968
1.4980767827496528
0.6209134312145657
2.051358069516297
0.17837232379203405
1.9022472363046887
3.1313364894361575
2.0971443275584036
0.5594188210189186
0.29395665936638515
0.13453381569489942
1.4506106367673386
2.8002977219655136
0.7115483255294128
1.1206153977133289
1.525102183005533
3.0439529501008975
2.754604462852835
0.7170763238775493
1.498621802410554
2.655325594723018
2.8965206446843554
1.8211040629471897
0.9397633984763525
2.6669779070059185
2.742238516633079
2.024282692970737
1.2313629910666615
0.881238946308617
0.8633262708343121
1.9849595609919017
3.027484892604609
0.5829978875445527
0.9600100511454857
2.7465520402062973
0.34467447808832574
2.595738801332433
0.9542404350579385
2.46028458490869
2.5564594765859026
2.1942070012561885
2.339718467430102
2.3565800976101627
1.894942059182557
1.522782092045123
0.821736644270874
2.351851451194518
1.783553038153018
2.730300197067593
0.2681112392349423
0.04320502637356727
1.4371984321864906
2.083592839643167
2.392678364316623
2.395389967613095
1.3695312480492419
1.1919035154602122
2.93561159160733
1.0338941951134881
1.2417260937402643
2.0789930183440957
2.952115021287203
1.1241561661169204
2.1026181197346405
1.108020936839461
2.128469687412413
2.4592278302240356
1.7087001827516772
1.4286657629917485
0.08527868572377928
0.4478779756045954
0.5713894892513465
0.6439407881916956
2.4026619146640167
1.4694381620018664
1.093131810199651
0.07411687534013067
0.5254831759885481
1.6092317888964223
0.9411411388017363
1.500225132443644
1.859935126629484
1.727399163942268
1.886334738366748
1.1814592703679443
2.926235205770091
0.9165107152291485
0.923250627131031
2.1192179825740523
0.41923297455313513
0.18195142299771083
0.853087590968511
0.8770358354838965
1.015317196898355
2.101338563738377
2.832246584311637
0.6428742151940616
2.6441374471183474
1.363785757025238
0.9595600991602673
2.779185321135145
1.8520547262907474
0.14872897375833505
2.7033441397547753
0.2695225196695201
0.2163888062051882
1.4314472450684868
0.8808900497394152
1.4170002026877393
1.9710041487788237
0.2603675755515007
2.7780445379453145
2.228695435584063
0.7233155761710846
2.070490758080439
1.3909685163492433
1.49366580684642
0.8039753346854175
2.8051387778278922
2.0515540762994027
0.56943344500027
0.7495330099538235
2.2717979669182204
2.650385358758318
1.7481609747599265
2.0624759265271075
1.9523234048941482
2.6284530827470487
3.069732691120194
1.6089679756197217
2.8206142945146127
2.746046463205026
2.898839275717296
3.108576983335758
2.7315923639518846
0.7802820202455396
2.392126356175817
0.4643294968333165
2.1771676936386504
2.4936916848429744
2.8165901147335584
0.17235379635558168
0.3183315434661349
2.2728800940653757
1.0902591446022791
1.8946916105627585
0.5812707849764753
2.0186699734634974
0.5068722658384988
1.8710993191537364
2.4305494872609987
2.62941002131039
2.457226500760587
2.040839354318906
2.9395947172710066
2.4637506875215633
0.020477450699465383
1.8482848492968582
0.09881371811856354
2.390853455988168
2.0900032271361564
0.21257871539524453
2.3258160783039097
0.6486938780116724
2.75574670059134
0.22618694555422536
2.7144286429362072
1.9696851714488872
2.5601522735078044
2.2354788540918893
2.6876939064172776
0.557536753470389
0.9323158280164199
0.38336471033635533
1.8971761731637988
1.4033526580546418
1.2076249077627388
2.7320813470454173
2.952209829534036
2.73528558673632
0.7502310362614013
0.8855019017792518
0.3005769214208813
0.47517990253486353
1.6480098866890147
2.587229393079115
1.2010713072450363
1.0130263138443683
0.702545596107564
1.0693409153985982
0.43082832306869756
0.6218905507083266
2.5980793048634476
2.408016597082989
2.7169546505501847
1.0601841140163737
2.940518638242991
2.98434975120165
0.3945148553637745
1.3143342503147082
1.6907556855436106
1.046822670874441
2.7555556910489125
1.0327382670985683
0.6386654848761335
2.948080366173551
0.4687303648501038
1.9689266415371973
0.3258764416042621
2.039628257122854
0.06654280424798475
1.101003391073566
0.9685058651263061
1.516548499408045
0.6061767531847702
2.3887291819888654
1.6339422056031214
1.912604318986861
1.8269570509908526
2.0096736944307745
1.892960581729385
2.2276298348238175
0.06948480672092217
0.45682254205939454
0.6418155334315969
0.8852480167335992
2.674355564982317
1.84849227303443
1.0832132495035314
0.09272802763212473
0.8453328857282503
0.5290781130933806
3.1334244279849743
1.8973311174435237
2.2638257048320174
1.8391770389524238
0.7083229838436313
2.1297089022362776
3.1065134542482147
0.3752288836978419
0.39966352731095744
2.7968801168439095
0.576246911931626
2.0375778476698105
1.5828160842867813
1.5294617865409785
