-0.2533553805233737
0.7561621867185209
0.03938946739446303
-0.21970781309570242
0.08518582726658108
0.7832881202133626
-0.2558480666455787
0.8135812021284425
0.18178916506581455
-0.5348648131662888
0.7836279725170607
0.7950783556616963
0.11899936401357536
0.2592091307135074
-0.6036503006457874
0.20894651530737285
0.2915683351213376
-0.014709296189890253
-0.6942726491772633
-0.25274976744571775
0.2955199929526908
-0.18448459292391384
0.7145750550459185
-0.5646927335235215
0.8355622781727932
0.33858366970511344
-0.29301444673999777
0.7233116711685135
0.2007427541950415
-0.09388846917160265
-0.45292329648574414
-0.5563906429910372
-0.5383312943636445
0.23774623484610968
0.4488779723194436
0.1167226759075497
0.19893367019859687
0.001464811870131033
-0.4320686219730603
-0.33153380444395086
-0.787811311996248
0.3798955614455797
-0.19295673534364655
-0.23207873512430632
0.8657993757449298
0.40213571975334395
-0.40759882584299323
0.3792382811452297
0.4794032564680286
-0.9150303959162422
-0.5642407491633699
-0.6947455527625044
-0.5690543063273941
0.048316910934731894
0.4375071883382522
-0.9350475018365376
0.5647956646246941
0.47511661824476015
0.40387182930458954
-0.047433693562017876
-0.6782301929783698
0.4300928211173556
0.4976010167898286
-0.5091907610131865
0.8615739153149948
-0.6727606551713192
0.6712128066786418
-0.7156205037324233
-0.9828746389917575
0.7540461794544799
0.28735232678901124
0.2917481328303575
-0.8095598037239231
-0.6160970963201806
-0.6429841431439183
-0.260461300920273
0.6012219861328689
0.09745359727970637
-0.3726924594760326
0.44006513105346823
0.0017683936256087662
-0.13029436405971895
-0.10075894690624354
-0.6548596459270946
0.8147427690271951
-0.7496548569795856
-0.7330805437745491
0.8325800002549233
-0.07568128274738317
-0.22888515165254297
0.5028940362905825
0.5142325503923639
0.4775782189728943
-0.8789388208447444
0.568480200928589
0.48143115627752575
-0.2344988662073253
-0.7543833856013253
-0.6156470446670594
0.4125464233058147
0.36277936250254994
0.9469319593960455
-0.3766112238965227
0.5681750826881786
0.19142998478906437
0.6189377639879252
0.571057242064485
0.304032844306239
-0.8613556172907675
-0.2343607866414752
-0.8394170693488969
0.7623144104063946
0.3811625816064388
-0.5749686047978644
-0.3213491659825314
0.03254675052733624
0.9286141509888659
0.8856276762252882
-0.9393016112474117
-0.38474195433583436
-0.3546717040535663
0.04074030642188431
0.7723562187264261
0.0871270608121173
0.09478810548435579
0.9847398648814965
0.22921303473884969
0.4004554880996931
-0.09413939571550412
-0.829077226903244
0.6815205313902517
-0.8254932661225896
0.5035186414192161
0.4402923145879929
0.9476154732685789
-0.26066892490730265
-0.4020013228140886
0.8449844638054542
-0.9464346113361826
0.814384049946629
-0.6876685936253444
-0.048688785726102246
-0.7955923645496972
0.446888498051774
0.838801515864847
0.5562340227768674
-0.189466539517678
0.745634920761074
0.513776989248075
-0.6800188927931385
0.6490537928865461
-0.25834763403875005
-0.1742082027353784
-0.0007234600562178173
0.22298923857984754
0.8372684144107332
-0.20945534230816243
0.005054488620909847
0.41244831153980277
0.07106503960967503
-0.7442008091633601
0.06558681782312936
-0.3448798310324297
-0.03705349542194236
-0.9880712546106492
-0.5548741151800844
0.4144184876959667
0.7239342018186661
-0.2100839674651156
0.03471047749507861
0.1444825535864327
-0.7182598569779741
-0.7605019318829815
-0.7351825130365444
-0.002343193958421086
-0.3585649122777159
0.7697232394497968
-0.39021988324593027
-0.8083415477513722
-0.5030325227761243
0.7570940915872377
-0.8788615397713353
-0.4980766830118406
-0.8371276636920846
0.09874949340666328
-0.5697353811545796
-0.6851386869318143
-0.350096382904475
0.7261914294951879
0.5330252704826566
0.615837206456892
-0.8912168703141137
0.005114812744030139
-0.48152423973514713
0.8447653543795917
-0.5566853173317647
0.40093101399990516
-0.8559546773255331
-0.8616074751920495
-0.1171838736440769
-0.8891350219194605
-0.48572999923307414
-0.7196674175208027
0.7245497520445032
-0.9643397429911205
-0.5991993070750872
-0.7401361568065599
0.24101379721998217
0.08168576523270099
0.1145052191699838
0.02878783431350307
-0.3913392536414628
-0.4753102043696429
-0.47725578752565
0.13111666478277773
-0.20572632840065674
-0.2506284187207055
-0.7387527453669955
0.48081684292751525
0.5033949901596002
0.23116435421011916
0.34598582542992773
-0.14296110602381296
-0.515746779006931
-0.2279374411684758
-0.045935926292900664
0.6917695392095058
-0.5815356648833254
-0.04288792537643138
-0.954053653187446
-0.3886455672551081
0.3429902221486332
-0.1581512887203771
-0.26390671624839124
0.5780864735943889
0.5901859199295805
-0.47648571798444195
-0.6892636374971364
-0.7533779657065427
-0.45337693442157656
-0.5002867399782409
0.18834745983998147
0.08007894854264164
0.8669499403932539
-0.9536362739736646
-0.40870692993928737
-0.20192823934763604
0.052516263810908015
-0.9960466231763241
0.9575590885144618
-0.4649402186197924
-0.14535352378089295
-0.9183356913875853
0.7505676253890741
0.536957113512468
-0.14816512421315586
-0.5859568280317413
0.2091872838649902
0.6120925083546949
0.9042101594487453
0.05980249666881354
-0.2894678698143296
-0.5508544496769474
-0.11009862837713147
-0.033933516277830034
-0.48637227571862685
-0.6336864191015281
-0.4411404231120595
0.49999626759063
0.7462267701394527
-0.8617932304421991
-0.6879558788154743
0.9878649922874718
0.7555290695125159
-0.04729632963325381
-0.007957963174166416
0.03685101057339368
-0.6039543464460788
0.7006942892441614
-0.307319891612428
-0.6864655064203706
0.20764827764590876
-0.43674166944494575
0.10246512787778217
0.5193751656129497
0.4440222196081045
0.583270058038992
0.6330596170128011
-0.9642391235146284
-0.924761631184468
0.27482035687417916
-0.96977631001366
0.8638230772678122
-0.9302674857177706
0.8527866509467539
0.8837892249141883
0.5289102057791792
-0.380911835957356
0.771213570584445
-0.6508869588922912
-0.3531262247675171
-0.34540422272693494
-0.18831964575532734
0.38232649874308233
0.3306560689105944
-0.017054124986310537
-0.5924141344557801
-0.5358236615810763
0.3649158899292093
-0.9677528263567585
-0.8943389172483411
-0.2458692181287625
0.4179632876256001
0.974084308548052
0.575524294992348
-0.6954296316639796
-0.6104645401034117
0.07485023057167117
0.21318491053465793
0.38150214975045094
0.26521272893026504
0.9751244127251901
0.7251629785241898
-0.30367415395604436
-0.06695354956809618
-0.5387972545029682
0.9692524615212537
-0.7656984744709039
-0.9364478077806178
0.4752305953087319
-0.7825725853070158
-0.10190091867203765
-0.0038892117975222185
-0.01760763385568609
-0.2876086066891137
-0.9971398989097855
0.8453799945898659
0.9975788296139236
0.6612958848524801
-0.7807824523823204
-0.034435226900340954
0.8190382420548716
0.624269639838642
0.016064373687121325
0.7076581191201643
0.6634126868690959
-0.7157110712860195
0.6559329079947189
-0.07906436833050323
-0.8954846359067838
-0.21530531691215327
0.8337087500013904
0.1774585616672808
0.7503149387893755
0.32920249969830984
-0.7321139380975374
0.6747650996899672
0.12939353781901364
-0.6967663733028626
0.8369857731025423
0.8005768778201436
0.5445312714505532
-0.7194078537929878
0.9659695489208633
0.26555093580206357
-0.9699545889634473
0.9429480239858403
-0.5560979636758412
0.9218003469187201
-0.4467829438915407
-0.8269339769985713
0.8589171774303312
-0.2843513762054748
0.858646242455936
0.5326735924550494
-0.7669692241385033
-0.41555941234109417
-0.11082596581457294
0.8094412255923729
0.9574674627008113
0.11854008164593965
-0.836100685982025
-0.8548770828815475
0.20220084703394514
0.7234171041804309
0.15028172917776006
-0.12351643530731016
-0.48072761224847893
0.8228953505043881
-0.8281718039469634
-0.6995859807040894
0.10910943925488903
0.7177643786002186
0.11097626413449557
0.24991844659276863
0.17010900753034575
0.8072964405411436
0.7563231481132946
0.10627416407978485
0.46226777697381216
-0.30410737018648915
0.632792201917233
-0.6401106105271923
0.7748496447469404
0.1507478814521419
0.3304237294504704
0.5409196122708342
0.9189948703199655
0.549460623957144
0.7067520317287075
0.3965307935194651
0.2702804100950016
-0.6703650672800174
0.44783327320010224
0.27542063074680456
0.45745906081432564
-0.7157623840757834
-0.03164856823691409
0.35479884492717506
-0.33305287831282593
-0.8981145783427018
-0.7528556632958137
-0.6359235479986709
-0.7982189336450869
-0.744196406382311
-0.8987972996067546
-0.3771182148896659
0.9877456009438785
-0.14500553499331037
0.524756430701864
0.7191626013610217
0.6566140482810581
0.24165671999893235
-0.8912601926015031
-0.7655799216594237
0.5221686744710397
-0.4349368828890552
0.00435885794535551
-0.078135379322672
-0.4125675962522153
0.15759915265031488
0.08205112587512398
0.2118503250867434
-0.1812446604555129
0.8530065218506917
-0.21095028355644674
-0.08045405162882124
0.09040495334044385
0.3752634307176286
-0.41648140681115775
0.4297933773969391
-0.6680733251679358
0.9207401763463037
-0.005480848689067397
-0.5599477145719143
-0.4513467321358222
-0.14800182150328212
-0.6466422755149823
-0.4215518647826588
-0.18329953986908487
0.08121912856933022
0.057511900359456636
0.4015971563767913
-0.8647309061640671
-0.8576273350243313
-0.218812724712937
-0.32106755028721334
-0.5334273689258189
-0.9987649726929733
0.7241740287113139
0.32864156404262657
0.693390066038106
-0.7914142463193334
0.08093002513483327
0.4757395993222828
-0.4847845201807779
-0.7195638178349957
0.47805344685102424
0.9734841202951152
0.6478779796362981
-0.4266235039389503
0.5830909135124926
0.29381287604248296
0.017412503333861462
-0.5188946328268211
0.2422667272558936
0.7702202525620128
-0.6144791963428031
-0.6523226326413032
0.334352196816428
0.7644244889164931
0.32016660065672964
0.6825738292534953
-0.7931753461457669
0.8575215343556022
0.6427011543986829
-0.9799392964390838
-0.201000915448176
0.279022354879082
-0.8287496315230563
-0.4617793823584835
-0.6084901657510331
0.5695983370122435
-0.9967874061931781
0.14145171134055223
-0.6055607930164286
-0.6335594452304054
-0.11085389274272206
0.35562786477228236
0.3400825746275884
0.37962553670712174
0.7324745124694947
-0.20227658043111418
-0.7389404004351721
0.6635636711083097
0.361167409792718
0.8286996210255597
-0.6696436663734384
-0.629941692413325
0.5799441010769235
0.6692624018602316
-0.15517842456195163
0.12290512630472383
-0.5035247164199537
0.25285345264413994
0.10563572111424069
0.4869498490711943
-0.4682731531871993
0.2322232523476262
0.31164633995007174
0.24359690657699185
-0.0828041087600746
-0.07001398027219574
0.4053335912082767
-0.5170373056207249
-0.22984292789387828
0.21996187139577428
-0.22978679564391502
-0.09157059488013308
0.6607629070896675
-0.8026509688795804
0.7571531224924675
-0.7229848402343242
0.031549837617268484
-0.5320724919411624
0.5888706532522856
0.8390375590132697
0.20429395761625724
0.8987700167187835
0.2897340852575119
-0.1471917806620313
0.14767629667890736
0.8749635940766698
0.6912506942853289
-0.13753536129776256
0.508428386963685
0.19247241349568656
-0.9419533204894983
-0.6667181923891796
0.6340325289572584
-0.24196688873140015
-0.6911162799865878
0.04890977847143718
0.9717240673189753
-0.304756701637094
-0.21347975370209715
-0.16563429663888352
0.8270962962343029
-0.6224208777343452
0.6229778398802042
-0.38270121183522354
0.3877858869827717
-0.6720025307000923
-0.12151876184746246
-0.3951908874339649
-0.3003440032483309
-0.21386781814342282
0.9444418996163386
0.6406984764601447
-0.19372368776398785
-0.5768877127432348
0.9399014336261855
-0.1669793120483951
0.5532317746815401
-0.8284971664942389
0.5504370212069256
-0.49760999817661844
0.3357216849151041
-0.9361740678591279
0.5849860264878397
0.1720431146175736
0.16684656311968338
-0.4857177115696629
0.22703451648021877
0.7527185758201669
-0.03328667177121325
0.7680241224942477
0.48892405355144675
-0.12221410071970773
-0.6769532292233116
0.7437002631721246
0.20532264659867883
0.822025710490371
-0.8874624277228831
0.3790570855411124
0.5290335853210304
0.7194771857505264
0.6416534281611628
-0.8078127792319085
-0.17553778984246904
-0.8572769815398122
-0.0872936799653159
0.13422034959663565
0.4858411128106832
-0.5754522296349354
0.530467180566784
0.41015976399027965
0.44117350177372927
-0.10174067991771762
-0.8848642362225796
-0.8586959997244201
0.45079970529679425
0.6819160469175376
0.28256494739564086
0.7418304419996629
0.5200932820577697
0.731584232028812
0.04822538499686502
-0.6141756715009854
0.5998553276453404
-0.682092702955083
-0.09854338546790631
-0.5514136266830754
-0.3163962361750432
0.626322783878579
0.14763026248237487
-0.8925567196457243
0.24408886757188153
-0.676057979377628
-0.6592120364631988
-0.3582362752955843
-0.9290718464504901
-0.992717488044097
0.6578200849900884
-0.6259481969685843
-0.6637265355650928
-0.6026884166051212
0.14092554007395997
-0.9054159910613704
-0.32590792546348046
-0.3410047570209125
0.5343817544343894
-0.2153062378388606
0.25567628554932
0.3299242429925111
0.9220694948255388
-0.4255518471423918
-0.26790456478900815
-0.3720918032204188
-0.3717096734407641
0.672373804902036
0.8147731478256266
-0.046058579992390936
-0.4341115667718518
-0.862230957974071
-0.6317373710951899
-0.6892998277689961
-0.21104922303751916
0.20974864780708913
-0.3311557421564735
0.5869490948215068
-0.17113881564967892
0.8936800004652339
0.4820128899425393
0.4102050469847369
-0.044775824256629626
0.2098868096047175
0.2716363922323488
0.36825850852556297
-0.9362340235497055
0.9003375238827189
-0.1421723828519883
-0.9190161396851266
0.1919529387407839
-0.247399676882317
0.7011870138653999
-0.5683227891309328
0.8832706863520117
-0.08119613859215757
0.9237634187694694
-0.6141663963328239
-0.45050735363733896
0.9485268089832131
-0.08953074869622446
-0.025593564356733545
0.6596118502393944
0.8543772811027872
-0.04851178551225077
0.5705947377159939
0.9219298575633403
-0.08734333682614359
0.8240584672640376
-0.01812867892339831
-0.26041089068451173
-0.3610569321946069
-0.9097975160556628
0.36506096873265514
-0.5052861643048994
0.462456174302849
-0.8089682220613947
0.9739592434887347
-0.8622277002102012
-0.5083829796215071
-0.926826224896717
-0.823385670425036
-0.3627989861735701
0.9277399284428274
0.20813023108188622
-0.0442905920945762
0.5953806465642315
-0.40418857355071536
0.33869760799740867
-0.0863849823387457
0.3095747013721155
-0.77908774332847
0.8660685148061322
-0.7915762481101263
0.20495856338816765
0.856791162258471
-0.857435799771785
-0.35768530253057484
-0.3132066582531321
0.89832527337976
0.6945571852236299
-0.4641476774372806
-0.30098918684349396
-0.0941762963084698
0.7777566897057033
-0.38887184836533883
-0.9693477770540366
-0.13359437820592834
0.6197581636082456
-0.04155653938715265
-0.8889012317197862
-0.4801225910525009
-0.6156298953670412
0.37612623528307454
0.1734030716112902
-0.6054484014164232
0.6403278102848895
0.3531190055556319
0.5585797037961249
0.6771773194982562
-0.49806263636829273
0.05619115660693419
0.4694260594042645
-0.02786291431918464
0.3687156184876237
-0.38202077610933616
-0.405041490526846
0.2116978444475035
0.4347827639325774
0.7445991476166656
0.17735132264645426
0.12804880058829893
-0.08778335567833118
-0.764969353569938
-0.13627523573971922
0.06818066012522017
-0.9448857802432316
0.08998713549064119
-0.6158229822637455
-0.9380273505006032
-0.8786128550358177
-0.7896630516701162
0.849537545409639
0.40165154884737
0.5900277722252523
-0.8740836252387125
0.8284637223248073
-0.029359268172410857
-0.8570898177134065
0.02796750877656695
0.5301298814672082
-0.21851213719024853
-0.9659864122920006
0.825313752810735
0.999815307010512
-0.7936188002825717
0.9688569353566558
-0.3944868067177465
0.9941500435571302
-0.21435272869476973
0.30995590321043043
0.4008451251839662
0.6413670535826848
-0.12105962430043471
-0.17301968295713932
0.08684628226315594
0.30270723813938405
-0.6724368121157043
-0.7616584901541876
-0.33172727402714797
0.35052204076517857
-0.11997458069484823
0.09167222156485755
0.3291404593667919
-0.09696394985756562
0.37866189144635953
0.1756966084485545
-0.02279424155933052
-0.06391306708066269
0.0026705864382856603
0.4611615308285866
-0.6508911221517932
0.3486517370004023
0.9857100738014597
0.23423924628536819
-0.6738135356726089
0.3257878194164965
0.9367603965190616
-0.5135904801122098
0.8829401633456526
0.44182170114275854
-0.4123558207278477
0.8654858565115391
-0.2920048372502757
-0.4834525340037219
0.6371400386902653
0.6879499373892268
0.6596264282979778
-0.5841887654945106
0.29767507295438955
-0.6576115003397862
-0.8356155892207289
0.7429548473820344
0.5053429172364106
0.4197827202866855
-0.294383617937509
-0.23372267230568555
-0.8539904952451409
-0.4018550041682354
0.13850614662431848
-0.05810968556683305
-0.05957327720124983
0.9013911302337774
-0.007539448633131496
-0.7231943417075635
-0.7837151101216215
-0.4591684364119404
0.18801436169605212
-0.3651577710333953
-0.2591926767799535
0.8711108692540233
-0.03504004368473845
-0.08920182061722182
0.16501062493243035
0.7525234107750434
0.6466874494799657
-0.30772696317030546
-0.646328481725222
0.513656075824227
0.16801561664784215
0.4268897920039305
-0.8934912817351024
-0.16164111784198099
0.8884929955583716
0.9096607734721678
0.9300542873060413
0.6628151819843726
0.5504285753542812
0.9334005902248523
-0.1258891953289374
0.2799635161240839
0.4569530001923203
-0.40613019847354126
0.3100153430511745
0.4272459461385161
-0.7807506445385322
0.3314180194195955
-0.28125964114051083
-0.6333710648853521
-0.1623910629209444
-0.6160962870890199
0.2125845328195659
-0.1864702102837832
-0.10914253387622663
0.4316803757465153
-0.5085295686803533
-0.37523984653856424
0.2744098983151737
-0.25375270494070135
0.15473691431751746
0.6014206395804225
0.33611196827061063
-0.8427786406521194
-0.3181169467301719
-0.46538987124965736
-0.5855912794758873
0.8835626628361295
0.41877614632047067
0.136976605030926
0.36817716941830136
-0.8682025995292562
0.8098854716592974
-0.9585799818015275
0.6045130770909437
-0.8157277510943879
-0.14072886174909183
-0.9280274670506499
-0.17289963866232405
0.7617840229464576
0.971090427388158
0.7859670882668177
-0.538581922557257
0.7298830520607407
0.14200430638380368
-0.18813145752410332
-0.6701648535001477
0.577953071294516
-0.653945509594116
-0.20842742795503044
-0.6338985784107525
-0.22124960600706833
-0.9097693372059892
-0.29488402165494954
0.47385227754429105
0.860396183207027
-0.5502858816106673
0.4347417568397658
-0.5569605100318382
0.8481890050647887
-0.6829609238011831
0.40569893290634784
-0.2861994750896777
-0.38540197450378955
0.1977907571100026
-0.3250103513400604
-0.9260947540133584
-0.8478448363375404
0.32452400804649617
0.08710851012488785
0.5160326872383436
-0.021693802995073064
0.777152674085416
0.6516817411642584
-0.8349096006499002
-0.4619908084750226
0.1462938721155953
-0.6309494211429163
-0.3637147093447002
-0.312758461523611
0.1582346717668428
-0.16243908297240006
0.03022413516458
-0.49861157810709456
-0.9414972870054754
0.9407597411507833
-0.8520590405251274
0.7476939652906771
0.38688412025619145
-0.7270663386321443
0.026212267969042635
-0.41244310912095017
0.5738587061911784
0.9219401616555647
-0.3106623946796758
-0.7772605752620616
-0.46937088811261196
-0.4763361917071811
0.3120808164161124
0.1499538911499596
0.11923156406080437
0.7567872785005947
0.1339513019723082
0.12665754843120736
0.655944083377618
0.3574538464778141
0.9158424229155409
-0.32498584385252194
0.5023479850492212
-0.998934735298715
0.14945782366554594
0.08883929736602125
-0.49465077097596843
0.7297248589112129
0.4228904878450619
-0.39076792635633506
-0.13750101331446318
-0.3786737346952429
-0.6813160429852916
-0.6473807434282035
-0.3443298418341403
0.038031883022888735
-0.4735100425788956
0.24279461004432523
0.38753869076721204
0.6543624164054131
0.20359052117573384
-0.05100071299121467