-0.457676434460216
-0.6437172151880366
-0.9365024132155244
-0.13240674236341787
0.36461674858436455
0.535423526857628
-0.7220146258162488
0.4926780820812571
-0.6827332300880675
0.5790476857750533
0.04323849430731297
0.5267598818011321
-0.2590354892092712
-0.912939237668982
0.7775336941537754
-0.6222752507775504
-0.7014920614492297
-0.4639125142806848
-0.14428009043062362
-0.08135366957344203
-0.12278985821852739
-0.4186703426337597
-0.054731146207805725
-0.4955896024352433
0.005168809737110314
-0.05841503687934724
-0.8163200096104277
0.006541767876535154
-0.37914074392327146
-0.48774488573676456
0.005024659546439381
0.11971154681089757
0.22260112835004664
-0.5574772419265082
-0.468166159726231
0.7774135212912121
0.8448236920298293
0.5474831443150374
0.6611776185384661
0.3074782288323106
-0.5900409969213085
0.6325561233944637
0.1915420549520377
-0.1757381592307361
0.4868629737293093
0.36551844960846536
0.8116107235518784
-0.3874825560327091
0.33055747634880994
-0.3792137148443586
0.23711090068227447
0.3216804273193543
0.6846389831034179
-0.3554679932816631
-0.39409506897703395
-0.011189325116445437
-0.49954376716476845
-0.6776313503616389
0.3051998865529981
-0.4459914023834566
-0.3659656877907693
0.28193002897003394
0.28493924657604364
0.030303863548597043
0.15458119252799696
-0.14007593471487212
0.23306511918672612
-0.48928853244409964
0.08289472192454239
0.5344795917444845
-0.79458525188848
0.5805064707139298
0.5792078601857131
0.28760930646405525
0.6912827046830166
0.48328333189480555
0.2659187841659758
0.49001276805718685
0.5759578438505324
0.31692964396747403
0.7644098279128997
0.5397392416158575
0.3639551290648293
0.5548438774682944
0.3183973247945886
-0.40356290303898446
-0.6693469906883001
-0.2879171466987642
0.5760553576611969
0.39997068165408
0.27684498075433117
-0.09900127230524758
0.4788439739232886
-0.297670957412955
0.511603651565173
0.3213716408973806
0.6836668273258066
0.22291833715544884
0.20626456566246665
-0.18405654737070032
0.4769221389745222
0.31289398225358755
0.15374438572256022
-0.38150519882185874
-0.5807099402791494
0.7094045087492158
0.29514493526808483
-0.2511761593209947
0.11730822850130629
-0.46460118870553924
0.05354065418481624
-0.47984649695552606
0.8202816545884639
0.02685413696369432
0.8875977629699574
-0.33300394488698304
0.0014453338981446073
0.4622696506903954
-0.21613390083890205
-0.2506645096713358
-0.23836432934158136
-0.9426767080785488
-0.11611768872776507
-0.4713432919714693
-0.7858314065822669
-0.028074074944459515
0.15663919784109348
-0.8495080022000399
0.27165593565342316
0.41887491440275726
0.4919136348893187
0.363498812483082
0.20035884672717463
0.4453283342808203
0.267752036419887
-0.5266847643040298
0.3224251308952457
0.0270985964081516
-0.10247294417772279
0.0812922196680288
0.10256405901211485
0.09797848337250947
-0.24079533730499247
0.10731674110089973
0.40440508032702405
0.2595058482829766
0.6112905833731794
-0.3777209662923522
0.16594230962698742
0.05767164525131818
-0.6014860134307085
-0.8540071345126425
-0.13452698231339832
0.34696917653604764
0.5950218288766034
-0.08769238876902552
-0.4956288656404553
0.30086018469318576
-0.43680176891789646
0.5504985505509468
-0.031088014908159378
-0.1465975828670265
0.11802120139682071
0.9493173718719761
-0.08892828126042646
-0.3417336711343766
-0.09159336347841052
-0.604560706104144
0.4165734075742189
0.9475111761759458
-0.06965119815899845
0.23285320326620873
-0.03968874302099601
-0.49369908095096715
-0.046462705957708295
0.557496039141995
-0.2607369790991432
-0.5367679800649272
-0.18793198730424288
0.3980067110350567
0.46824611631689894
0.44672985741824545
0.782214899065194
0.14052241588769943
-0.1407392926890254
0.5186682310507176
0.002785747444392861
0.32117745294215805
-0.6003452511011538
-0.5629226969754688
0.6810492786464168
-0.20436570365302664
-0.961265619102345
0.8565344164173232
-0.37149987105054594
-0.3084351992527603
0.21844433347459846
-0.10800598732308786
-0.03496262765527858
0.03976882895746181
0.18213749967086734
0.21307246187430717
-0.553021739184743
-0.022484959264073456
0.1329348398904342
0.12118545324546925
0.057263661727307014
-0.8480113236288793
-0.06449801564698587
0.8507178142730454
0.5261711456163036
0.497370392168071
0.47841253109811843
0.03085606120688178
-0.19382793908430784
-0.06403681170996345
0.3387140534430255
-0.4784259942764544
-0.8183914322887511
0.32555315640091287
-0.7991613266948985
-0.11296451832197718
0.6113945022302136
-0.4205899919531264
-0.9429277635608728
0.2711444439190007
-0.6936726965336704
0.030915059694847535
-0.508660285647244
-0.2778706699540524
-0.5351035160208477
-0.3561653912240441
-0.8021590259917319
0.12087304621378436
0.027044000017784953
-0.27232852977735433
0.199550403958217
-0.47148075455749616
-0.4888273971643977
-0.36738181259513203
-0.5336825925132094
0.7747051331805674
-0.3458240270305213
-0.3713528449865797
-0.08719257754839127
0.4630100801602244
0.5474767172033586
-0.12339277001928428
0.06918859334603417
-0.2716582362590897
0.4760144780778197
-0.548741210589176
0.2078982301333554
-0.5023213082146012
0.4967047594128515
-0.7356436255848582
-0.5678191626333797
0.9008342702514542
0.6022143025652036
-0.2788695664832923
0.8369154556125395
0.020952510959825865
-0.7446834822084334
-0.9177536449883608
0.7045527760367309
-0.671766652570329
-0.6871026930700865
-0.01755516009328506
-0.8574125634281702
-0.45020093542971806
0.2152096579447662
0.7028277899704776
-0.0793286392526531
-0.4528080875388709
0.028513454384170966
0.35301326626309004
-0.76270692762952
-0.7015972854064074
-0.12170278585745109
-0.2763474534271997
-0.6294622107142775
-0.9339307382621849
0.48983682993870703
-0.9731997318970036
0.4052257519154492
-0.7360254067427738
0.2688809542303212
0.13605669122375907
-0.13420924032955817
-0.1447908610277011
0.3919019075329384
-0.1735044565986551
0.2046995022092888
0.06627199979601772
0.3180788336158116
0.2980506680557218
0.7453120339932249
-0.17783671658820444
0.6261126030902546
0.41236684222549513
0.21764505415007385
-0.7693700736271434
-0.7524221121665771
-0.4198593792882974
0.725644653904217
0.5968366213848597
-0.7974057595006869
0.01687410558628999
0.10591686641211728
-0.1276059454913736
0.35713760540591855
-0.3929039964975556
-0.2568735301126073
-0.13693168580769322
0.6372099805446201
-0.6207897148468839
-0.7788952422254216
0.40721874219626253
0.910226706975164
0.3691326342479808
-0.36736547413824727
0.156621107765179
0.20367432167893496
0.10893438763138663
-0.17613483144166286
0.3984064529697293
0.13818803831346216
-0.5324110178067096
0.2128032019461208
0.7907139511587622
-0.4617188339078895
0.07031031363682239
0.4244242829601079
0.3966093744923449
-0.7866779929512879
0.06831137065266532
0.19746633265962066
0.03459577653317661
-0.2010256208605279
0.02516112445231533
0.6087556712099595
-0.2548572201234902
-0.756183404511859
-0.810379272986931
0.03402451993661293
-0.5288839476892317
0.616914578660098
-0.08994868714549975
-0.5149273305039381
0.2875370884274575
-0.6139653005140104
-0.47229076870473286
0.05072329254428043
0.13070083022101642
0.8228446297336958
0.2247279905543742
0.49822246079362387
0.3439480348996211
0.46899923495773166
-0.5466631974944527
-0.40654349932287204
-0.09844810972024343
0.38461511037142904
0.0356752992882039
-0.03886306020013608
-0.16554964982768505
0.3181642194234976
-0.5537021928148087
-0.22794358577862706
0.13063764221377028
0.17638520639424926
0.3633933352075831
0.8538333380677576
-0.1840909360824281
0.09347529479890548
0.6239288583082954
-0.457964951852627
0.3154903240050828
0.48273749560200474
0.07968204445112248
-0.6689922405963227
0.43940573139242867
-0.027326153673633335
-0.36138104282156913
-0.1565497633102617
0.059322066422891506
-0.6996954469897254
0.2597539510241025
0.16312352413167752
0.46853374245149726
-0.33660528038932735
-0.20155736044794814
-0.3623746360338014
-0.6067802589103333
0.10148519090803099
0.3496355926807886
-0.22398202348665697
-0.397224027078366
0.08817029709730351
-0.6696414939447171
0.28146181681017435
0.5053489931275696
0.006433267229469131
0.2625469216955385
0.786518125703433
-0.2845844633528203
0.16113540614925537
-0.0845097267957462
-0.33702080371917065
0.48231110617315354
0.3762800868305596
-0.08482749151352653
-0.5070822718994377
-0.3225563744202229
0.04577410333798859
-0.7318876274827251
0.4910560229838943
0.8666191237192451
0.37573617294174433
-0.12376050378018899
-0.43360058926574163
-0.268029624908958
0.20313139381231915
0.2712313204811634
-0.13517469093846124
0.42423239272391666
0.5338905760141652
-0.0940010612583036
-0.2812632670723101
-0.23166670689947644
-0.15507742511048672
-0.3030314285487734
0.9119050482548152
0.35260446763699393
0.017561254483294153
0.04210544399153049
0.7761823830829786
0.2525939917505604
0.6301098469330175
-0.8670575530027309
-0.1627896171272316
-0.8675551537934942
-0.024318306110584942
-0.24343546713203734
-0.11705993633112399
0.3608158383606517
0.86035519258325
0.10326465347964087
0.4254118852955515
0.7009611301586607
-0.7383033673502426
0.0068187016602268
0.3883857576375498
0.20195747912209905
0.48474540366879726
-0.20291017670292577
0.9087662410504032
0.6267427285499645
-0.9035769252109016
0.12446153847341979
-0.3323352139073723
-0.2933185906253728
-0.0005689802669928135
-0.22901473235492387
0.23519732731426113
0.4566379583512772
-0.2263828805928001
-0.15205456157836617
0.030077649024946335
0.4266449528188554
-0.6826133890675723
-0.03977688056137296
-0.5932376601258738
0.3918060570966233
0.5008705639885673
-0.8049638406572652
-0.6443404593764308
0.14776118328414345
-0.21236539214675348
-0.44706011838468807
-0.80635081107333
-0.5231995825079219
-0.12618897009967833
-0.982616262975923
0.7552637663024768
0.09918595628641791
-0.3062333532087327
0.7852175439190994
-0.4842877825965357
-0.3482785400503632
0.4909321949304315
-0.7116645552175371
-0.10966590362216877
0.27606901060989264
-0.1728529675374897
0.0719505468691004
-0.044278643144714414
0.7220583981472375
0.025678282172759914
0.08790807138064927
0.613188984211678
-0.19859995404056496
0.46396703759152436
-0.0150292435367054
0.9177565045941858
0.763737399459671
0.7319418817873453
0.5947933282820137
-0.5594579072451333
0.7147084987444741
0.345960103059443
0.5988301189311898
-0.626817499291223
0.014656161144327662
-0.18453931850939798
-0.31464342730049966
-0.3237578837740238
-0.10167713267442036
-0.6348482925281402
0.4424202214819237
0.1091068369586381
-0.06482430170795661
0.9441902729786333
-0.26874197492096474
0.8587884739749638
-0.5115806498118904
0.4929443167338099
0.6952957735853396
0.6536654186621131
-0.7313994858582653
0.7613165280924292
-0.010384543754576647
-0.06463248114781317
-0.8297668255756407
0.11491165868993658
-0.4130635965245468
-0.7330664709569619
0.586300845132572
0.10246453648192144
0.31940107347429114
0.46836302896320214
0.3734606884971541
0.5382974652021661
-0.3768594192944681
0.36425621996627955
-0.6034439411280412
-0.28496835711515955
0.014606723889358353
0.031399391513459385
0.13687988102929793
0.7537317707866049
0.4032508692763712
0.3817390160466183
-0.2121200028583181
0.8623436695702384
-0.25171928052699055
-0.6369705889884028
-0.21613378620270263
-0.13966390968771858
-0.20879667674821878
-0.46411794759611524
-0.6677645786723061
-0.7348696417428244
0.024240847993657888
-0.1470255369088913
0.015408702140006891
-0.8616178678729685
0.34946195441421835
0.6307616019336009
-0.6777071026748165
0.7927531014348013
0.2633045961523224
0.6599298304430494
0.685312396316442
0.17558156563942706
0.4995951910036083
-0.65744680568281
0.00493041626802837
0.21389104466173414
0.39482714729797497
-0.7452532270931866
-0.24536945642542496
-0.40872712037791903
-0.06355426994509239
0.13781502811299595
0.547272874643653
0.4732389555294594
-0.6162489233604695
-0.013751040926316627
0.0698958610357554
0.6660277823458598
-0.7759220869547261
0.09670067026007212
0.7084675783386625
-0.5466915743469982
0.2318642725275013
0.02527432815823727
-0.5898242027681735
0.24899495447574305
0.13935596348270662
0.46586933392002416
0.05795562395039644
-0.24799378731484212
-0.4452943760839232
0.297833827634443
0.5353200473540141
-0.6187783092302712
-0.48338798414340256
-0.3491788436518357
0.8386657780272406
0.2174768146214643
-0.6220929841624936
-0.2898183406204127
-0.7795744085998866
-0.4992214697934072
0.7376841405637373
-0.7956199955032415
-0.6004051715314036
-0.2547657043971947
0.16896754118651502
0.31810386016563674
-0.8692636501624442
0.12679072393278057
0.32418186621928147
0.017581739192962687
0.5135801967684488
-0.39166895737871465
0.22578730587746376
0.26177741430829204
-0.47368278165420286
-0.5721502876093498
-0.3914356866508255
-0.41595149991084757
0.7971642814153377
-0.74285777098487
-0.013534778311604434
-0.38918949061727903
-0.7551499698537367
-0.11947972943496366
0.09818265448224306
-0.6150680507443052
0.29340881537387786
-0.04424613430252994
-0.22526462722450802
0.5857100727169469
0.6324795570587103
-0.6041325401645707
0.051933403155476565
-0.18115001133861686
-0.712152900438205
0.7639089764637386
-0.5031752221387595
0.8024187042979607
-0.024085314888331766
-0.3086725083591806
0.3648775154648167
-0.669544337662757
-0.6397594775179476
-0.05759290736576839
-0.3577562543791388
-0.3298333666056923
0.4990589455554213
-0.7351758195693363
-0.45943620203396174
-0.30079953529853953
-0.25305953994901387
-0.01062998172127072
0.6482025242593363
0.08445506865238173
-0.8823633950210079
0.16357704863045486
-0.5317800248482634
0.016593282974562085
-0.2568888833297822
-0.7083675324550107
-0.36719535497530575
-0.7338660571566469
0.5006680561577879
0.6057720722435618
0.022230740282193517
-0.24436374097158153
-0.19565608624613473
0.20931996841195089
-0.19642246727028567
-0.18697132604109656
-0.37694597402220986
0.5232790968873378
0.46681267703969853
-0.5284777804620635
-0.31883964884384763
0.32444686575605663
-0.08802021825218498
0.2025261691599609
-0.7496751541515323
-0.3073926207863953
0.175333478916333
-0.40587864692883846
0.7658376589312481
0.530789719987153
0.10966781966295858
0.8313574655054778
0.13708856678366432
-0.8363792017021536
0.6770904249618352
0.2634157350721522
-0.2846350406768088
-0.23336890266372956
-0.7034285685810953
0.75981303581856
-0.3232483266106889
0.14345074113932343
-0.08373604337964591
-0.36783454870664256
-0.007639911104703412
0.00798697920581759
0.349184396266085
0.004746793178899145
-0.604183893462781
0.13531609888730012
-0.43418317938470485
0.23085905556984887
-0.3690844123965942
0.8869154130915695
0.24226345913987046
0.10452259601405967
-0.42544025649803685
-0.03569176469462776
-0.22209531559699558
0.16591841213118985
0.44414243506127327
0.7865923150617786
0.33441999664319466
0.15136928785839454
-0.658081496611624
-0.07561852597801577
0.17846125823702463
0.1373979446374185
-0.35961952444385226
0.5127544126933277
0.08481104016141905
0.1051026070256178
-0.4043198525709313
-0.3900456058384849
-0.13683136922354033
0.6124355705838083
-0.033986838550995824
0.22170379733370238
-0.12775738300596062
0.5500733932084425
0.4833139524872023
-0.8352505236640779
-0.08819805393248847
0.5491902344262596
-0.1478229247159164
0.6310895961466545
-0.6474787380375018
-0.943850056704532
-0.648986091288227
-0.7682501864670792
0.17104611401241332
-0.14962018256441256
0.4682195442376149
-0.024388270680899105
0.33037099468912556
-0.33460212893865604
-0.28908538702205977
-0.1004998086877733
-0.01199073504653514
0.6002374378597675
0.0455939980281459
0.9658711951305285
-0.4463223285773923
0.19622075476287804
0.08881927091972197
0.2446044874661939
-0.04049678174429516
0.25489014163940515
-0.10002625783971553
0.3368639691604658
-0.5321335960011184
-0.3557366899723515
0.08935347371951363
-0.12908426976835496
-0.38571840536931656
0.3650892513377717
-0.15643228970539902
-0.22660215612886847
-0.016336818977976987
0.0218621066271123
-0.09928885780558616
0.10136549038161125
-0.05261170731039916
-0.343333604115831
-0.374533895671747
-0.7848043173019239
-0.39379855267423736
0.9575310311190584
0.33344532413018824
-0.7980656160869355
0.45717430889001465
0.14212213445200828
0.284087924173289
0.39794316083462267
-0.5396728572589917
-0.06559942552103815
0.48805686891951794
-0.5278384340530722
-0.1202740119460568
-0.27563946231220005
-0.8267201981336165
-0.6610294013241114
0.8859195587637401
-0.45497450618827173
-0.1957937679483992
-0.7136538004604618
0.44309336243527
0.0528957205845898
-0.21029284807384574
-0.05931199273435661
0.15074146489131346
0.23436697366299475
0.5416923540600966
0.10269463648460064
-0.28055499921764415
-0.20509900608788945
0.10085648984099005
-0.6553761345420521
0.39509020275249407
0.10857300627951494
-0.17586173186513765
0.22538157086398147
0.7168760532703495
0.5494247333330406
-0.22073001087604593
0.37606294005095653
-0.38129011675635494
-0.2519144804812856
-0.8551515578784008
-0.6837421034538993
-0.8162024862213273
-0.4621966751281268
-0.4385197438434294
-0.28078620991393244
0.7125406328262631
0.3745224190536893
-0.41494106974708944
-0.4612200136322513
-0.09725912254490043
0.0908722054758444
-0.14232886275312628
0.7708169493471488
-0.8737806777946471
-0.7260240838133729
-0.000206807567836087
-0.8521240620539912
0.6402653058090344
-0.8124295231810259
0.46471246030361435
-0.09299923805802646
0.7553025256201371
0.582977177211804
0.1779330106933017
-0.545201324664442
-0.17856557831428965
0.24698966785060206
-0.9793793220245075
-0.0005505981774216462
-0.298236500450091
-0.04461611353943251
-0.29333424772682526
-0.0014433918964162906
-0.3381093568991942
0.38170037352903785
0.6503879500709946
0.2738117068670154
-0.34168643669682597
-0.003662854980382324
0.6863871373344348
-0.31996994124219436
0.5464973834772544
-0.7720803598481245
0.23422038377231535
-0.513880637792909
0.3200168492122577
0.6745531792125634
0.9492406219216911
-0.6312167895493026
0.5283868472173938
-0.06764312828344021
-0.8159748943602261
-0.047222460234465746
0.4004203845195984
0.050666370998074584
0.11867303676269092
-0.8412979172624122
-0.3978815226751993
0.4925577771761964
0.558286025761479
-0.13690691578820413
0.4352382468829479
0.7152683904578536
-0.03557064969211332
0.5205562664817718
0.31796131863145893
-0.15968407050280065
0.22699568590718644
-0.6443872495428948
-0.04219461968048588
0.9038962767713548
0.003748718491833669
0.8371452268204611
0.2004079604402631
0.08182334735578689
-0.1264871131692067
0.016212000320947162
0.27770388249687183
0.8947449829417562
-0.07686837837654403
-0.26540445408219204
-0.2072583151792191
0.5031621244993203
-0.4900529838449441
0.40737982378874094
-0.18323294477049057
0.010660002263535029
0.38797362553772663
0.7905161290595135
-0.34154092062138464
0.11261905874612088
0.22781513001951703
-0.08403587630343834
0.00954865519262249
0.22765206815758443
-0.24209619769543744
0.33240066133318313
-0.7368734168488018
-0.8240572386516765
-0.13019475155904292
0.2681610307121587
-0.2415021958588901
0.4790163053790857
0.21806146080622302
-0.7948300660372123
0.7280431925217639
0.17034812609044847
0.31429864970012567
0.32009568149523604
-0.7770084748528472
0.2613159078419214
0.39900579555254634
0.2618219953176908
0.7188307343316569
-0.9482756557754675
0.5251061879855499
-0.21188869812820554
0.28667002533967745
-0.25944783801400684
0.3170949155482625
-0.357300999573372
-0.32355650271384206
-0.8764086054967943
-0.15718271026602193
-0.7921001763635802
-0.2914643660525811
-0.136386736140794
0.27307515841550467
0.3276073798534873
-0.17130819452667145
0.27228260883066424
-0.8550282764797121
0.5113647734138
0.7718288876392818
0.23597941086591012
-0.5884781829804331
-0.7488812597631598
0.787882976006776
-0.6501196545934416
0.04018804455111269
-0.01492830972482806
-0.3758543815187547
0.5383814343277087
-0.0037179709739589284
0.23679092697679227
-0.9661824293015338
-0.12827932654549112
0.2713041052241265
-0.3017119712207941
-0.21144883760364186
-0.29309923793293313
-0.26814155980233556
0.31480715231651635
0.006292084092301309
-0.9082490384267068
-0.05700952129967529
0.8029214364228303
0.8757011325532189
0.6874146041363152
-0.387284087987821
-0.9612968972134557
0.9838481307764253