0.40824678976666684
0.7737860039095614
0.31065533220066044
0.44617583909130115
0.35402256704470797
0.6175063176426634
0.4074479086824635
0.5410114305868117
0.12894004854076985
0.06233004052984093
0.5669513496839633
0.28951537986564707
0.566364780010367
0.017293231625302906
0.12292460811720426
0.10338083429789081
0.13248853376196096
0.32541962596350876
0.234939850787957
0.4990626165680667
0.3701359979029476
0.5615776667414357
0.39105068579156527
0.27092468807967185
0.953834203003197
0.3753441605946048
0.6788614827617422
0.12437137645786021
0.8029553768153876
0.49351062967699794
0.9034637621028773
0.4198763515827414
0.8784213545276555
0.9644554613587374
0.9639197113252085
0.36044821918538145
0.48416948147481575
0.17755024899842045
0.8480668992560304
0.5772129837594935
0.09031970759179365
0.7215009456744025
0.9952329973908093
0.28699235651744637
0.3132278059535893
0.467187530805799
0.7040405909761462
0.40210465174484655
0.849034625220037
0.3736089510592571
0.8558451022273437
0.6554177541886086
0.5497030509094897
0.8334713325950724
0.7724318772418104
0.6904001337015548
0.3781553588065974
0.12381571259369027
0.8223432266277283
0.4536354876215971
0.24877739314470898
0.3628890728911952
0.6151713881493565
0.21634348781070098
0.42993921542789215
0.8011272854048336
0.1175948181727578
0.5055947204252665
0.7985988535095471
0.12836806421746272
0.2793512484597003
0.27698567220571146
0.7700479377057099
0.8904101970502981
0.6037318107325341
0.6222466467845336
0.2702046121334591
0.9924664714799605
0.6468960759315138
0.3160420338971724
0.7399826488710248
0.5298018172509699
0.46763209257489885
0.8502436766121366
0.4135608495184737
0.25892117562514017
0.4887817830562419
0.5429435923204012
0.18336346936259826
0.4812897728114065
0.36214370429688425
0.3179390337500434
0.9550984082202418
0.1798599503250175
0.34301791312951124
0.4114343901084417
0.3200049315825414
0.5413751948338338
0.02081932696975933
0.13501718592101575
0.547811027389883
0.44334222900220815
0.03358716486649211
0.29728693995984884
0.8636553771641683
0.40596857618504445
0.3845709899211083
0.5299842852712006
0.7358519469443342
0.4540358151770676
0.9495935369071068
0.3247876558412072
0.8634603049935452
0.044174356233193844
0.6698208715944474
0.22912608709306703
0.37781811740449084
0.6508797563406182
0.21718982112719046
0.5561692916226428
0.08357163663054777
0.7352451941265368
0.3722138758993712
0.12694038168123292
0.5479493704710768
0.08249008088681246
0.6349241884770819
0.469206633286257
0.4684882612215583
0.5736288992802641
0.11045813617042526
0.779409218261894
0.6420337707789227
0.6484943496317717
0.530277503452743
0.15528690772930745
0.7281257134603614
0.8880739301472584
0.6087615999928803
0.3324633100701358
0.0711225853008912
0.3672726130650244
0.16902091514505727
0.8299259674092592
0.10745949705361893
0.9392309197565718
0.39242519383352065
0.15976131595698725
0.3038371280474892
0.535202179882911
0.7865249793988879
0.1713432947353891
0.6844247481065832
0.8096552039578455
0.28876999789155566
0.966032257845358
0.5971208865728411
0.08808813598801739
0.9803541804957495
0.4298011672564217
0.6906304831075977
0.5364209862717957
0.42126356058039915
0.15344375953701025
0.4580810192391339
0.5901547105021089
0.4437842349159551
0.6513379910433283
0.8380720641957946
0.4309089759524809
0.22608095645047097
0.5524405278313654
0.7007767011900917
0.3502881359128192
0.7511098885399226
0.7042155380529919
0.7012966768429832
0.863068785455253
0.007395954271198414
0.658114096627226
0.33511125867173525
0.48993744826297697
0.552486540762606
0.40057050251004606
0.8589142048104464
0.7151536381621716
0.6827968477546623
0.9650105743701716
0.49757788039339923
0.727114647268604
0.860282121986829
0.675201053002286
0.3771102917625902
0.18816785421151405
0.9109080137323873
0.9127609417023921
0.4323934662662254
0.5589745713942018
0.5505243693036406
0.25170501975560383
0.3881647056889553
0.7478049388242994
0.6366401340069288
0.39602672279413326
0.23542472095805023
0.5493748608588249
0.9471210996331442
0.7218469512818366
0.3891708052974869
0.2104554291736792
0.7355236975501948
0.8734807714036621
0.588814518784203
0.5195364776453744
0.4728018438188974
0.34531758710528626
0.3172715502293818
0.8943962731922439
0.602724360860723
0.4313475356757211
0.8782289929655122
0.7375632565377318
0.5140870830544744
0.7081336079596566
0.9557514915824207
0.8680161236322883
0.30205120485443376
0.41459682637079737
0.09892717631088317
0.6832427472992357
0.21162986777749307
0.4452180219835829
0.7227671537732635
0.29284655489536554
0.6838919124963087
0.40084372253155764
0.37782237683649766
0.2000632634364143
0.5580855023994461
0.016017791232479775
0.4656116704413717
0.6282282974370674
0.8378949127996117
0.5561142790652316
0.7493118415956007
0.03502648577273349
0.3390263237295595
0.47458655528859695
0.7490146301292048
0.5047963926694908
0.2333554127278945
0.42593899846911737
0.2517692369377594
0.6930678261008627
0.6887223417598993
0.7485013450704326
0.6105073681951014
0.35907866726477794
0.4468879699835758
0.9408176470211762
0.8163931832338646
0.5070495958060927
0.221191773688346
0.6867308137193525
0.536771636325272
0.8468437337135954
0.45203334704838316
0.5968113675475996
0.7884121996252607
0.26355318888522855
0.7894218158094618
0.7339120522534271
0.5249794761043732
0.7896597183097095
0.2818902966577143
0.6544832605455515
0.914114542577288
0.5688642591625166
0.7148251476437523
0.6230050694882063
0.5061328080626121
0.8493259771872721
0.6089506317068579
0.6396130077378864
0.8707250220335431
0.754597386148281
0.01660044215289551
0.43269571191448375
0.1890014017182593
0.13525723686806315
0.7985220483945702
0.7617345763972536
0.6583077940731769
0.9776944820290981
0.013471926850012804
0.6313522965949699
0.5192491820111366
0.1944184868465586
0.2763844568346099
0.7550039195840408
0.7719887479630733
0.49742376625900925
0.5405610018251302
0.36213286855833715
0.6177393442014623
0.5319728162808185
0.5469593361554549
0.6231955801827096
0.04221309788254081
0.4920147341288006
0.17963511255220074
0.5622304519880915
0.5414375632920151
0.6363277765446234
0.20888287167436667
0.4604812295147648
0.3443134733366991
0.482807908447059
0.4707157422957796
0.41655315122827374
0.809160715803119
0.7836448382088873
0.013006946887840745
0.5262491474153121
0.1699598875739578
0.5869405979765495
0.6596657703171347
0.5383946506927701
0.6020276199388489
0.602029400227218
0.7456550564436284
0.3361624076672312
0.5872880169021635
0.6032010950908228
0.23377306833842315
0.5384052697474403
0.24006392787057673
0.8223660886986639
0.9794420170689022
0.05680581058621917
0.953815815968899
0.7783628410183902
0.16412203336516923
0.004125132787068093
0.0792858100055287
0.5899256479847551
0.2516545030833021
0.14026989939350962
0.20777985487201897
0.566412531684964
0.7826650879487811
0.04715843423014709
0.6029216266365773
0.5984643091792481
0.771338131236239
0.19903329943902356
0.9735837520174274
0.2234911836172391
0.5434144455556031
0.24868717017593345
0.6343907442088774
0.4721500085405169
0.8422214203088689
0.30945589536772194
0.4886479423482931
0.8696213910369661
0.46905254646543304
0.31682941959375155
0.44159576165918873
0.7991605340710466
0.48762718090282176
0.34705417005390965
0.5598806045965512
0.450608197576318
0.4173397843060349
0.1677811691603934
0.8456041579680685
0.8219531433939359
0.20297623955221378
0.13434975575351432
0.23189513978615653
0.9976254885879674
0.7388265636925718
0.3778589739120894
0.8837657706974074
0.49620936017134
0.7096566379549237
0.485366947358371
0.4988831669457272
0.8864167763989376
0.6263097621640497
0.013839313154560141
0.41931131974865005
0.9583814153922954
0.5207060088071122
0.8385967621593449
0.6095148084898118
0.4698234953048919
0.4981580441726709
0.2729721725566456
0.8106657769944853
0.5926923741036024
0.529736819468504
0.3041044572500217
0.8173493174248795
0.9119722107578475
0.39205962350887874
0.8427294613601978
0.6523062466699189
0.33279388124688347
0.3324237231023304
0.8667111764269019
0.7939119970235462
0.79596882500237
0.1934120391374005
0.41383386468328354
0.4846511855327556
0.5137042433018938
0.42029378771258097
0.6149835374938087
0.3176816564108379
0.8802306000861269
0.4237469801860842
0.5323759229133358
0.23358958299366098
0.2538380683159828
0.11531674138300287
0.9292957673034449
0.3047580430277148
0.14002628058599792
0.24660387383499965
0.9203000791759881
0.39675252772784164
0.15956036056795928
0.6579726384160082
0.803343383207711
0.6009579343757033
0.4087741162472067
0.20300559677089183
0.4325055863735951
0.5013460078905508
0.8442635827068529
0.8369711793003788
0.5476777790505092
0.42621320351059977
0.1440607566675909
0.9934643703699488
0.43989890652477387
0.7781104974752554
0.4593333538472068
0.46493365774620565
0.45843626624966716
0.520957822508703
0.5421472439474379
0.28091491566335103
0.6032874629345192
0.5757617206607026
0.6031175575597238
0.47363664806557865
0.5081867535514677
0.564184597196518
0.5469783453194872
0.5174323556157953
0.07984486217318049
0.9009029554624138
0.8946131509355432
0.8415402866267644
0.24554322891633384
0.28292479100545265
0.9740599662912944
0.31981111360001574
0.8766080180024974
0.6743265891047819
0.5491586447988113
0.8212662691156404
0.6653955300487534
0.6018384756329507
0.8071451595344427
0.15692612026677313
0.45449510974937
0.7863225690153711
0.5047049725143505
0.36503189265609703
0.3851672825056778
0.16253157164568097
0.713677170050798
0.5795725493321182
0.5883349436480124
0.7046994417645924
0.12891147058225969
0.6008062457505189
0.11255598522950283
0.37239349573899116
0.737667925259922
0.5369226292796805
0.48324701521994323
0.6534990985221122
0.7098575379803733
0.518554966761841
0.6281146610499566
0.49595523095471805
0.6281618957537298
0.9841954884611889
0.4599413497191312
0.7259523627569922
0.5323716903237037
0.5480524778920064
0.16775186084860783
0.24060030484235223
0.5749056779009203
0.7381643810160168
0.5867736003803806
0.4067493263353042
0.43314465274711333
0.8287143603648085
0.48492226105726643
0.26618581238713573
0.30883022389091885
0.7574373034744915
0.8154816503590139
0.009767408718496578
0.40586632477018775
0.25713314698812223
0.37290477267032146
0.3316333492911647
0.590061005626792
0.4343165973031578
0.9673789265468948
0.3870187707613816
0.5347325879265824
0.14913159935032774
0.11301729190688785
0.27845667816542713
0.6436156750303081
0.5295058712800087
0.47173797118952515
0.60119951682137
0.1828027812570276
0.21474451384092091
0.8009722088037586
0.2591473436791345
0.8545221113148398
0.8438455640502749
0.6456595234074669
0.23159015032966807
0.40484476076137915
0.06443833242180254
0.40574507931495846
0.6320620059112604
0.765641793251934
0.6882068903866831
0.0556100850089469
0.6315161521629948
0.43558935506241947
0.6628816144818156
0.8539345173704578
0.5493631290541644
0.31404947432142377
0.4355524704644278
0.972209309207777
0.42480654559414005
0.02174188689057335
0.47506389735308147
0.8637459664169014
0.9616981468297363
0.0159861008689167
0.2226270538542485
0.9030329092757029
0.6259980564843417
0.54859358458859
0.5379324175348444
0.5693281762215182
0.29956876400984855
0.8169158865726734
0.4955119117334195
0.8325596836786254
0.4059278935189443
0.5234625597476196
0.6652432839860564
0.47941259691743976
0.45244086317666027
0.8212959160993786
0.22036114422096503
0.6839912991074582
0.8523061650748269
0.08475342616459773
0.4939094124554677
0.4384227332895972
0.49359358490202015
0.3008888159124789
0.6336342466361602
0.8233443248060826
0.7584087601462068
0.01826016460762004
0.39952788184048027
0.41934413918882113
0.03283848221010559
0.5030448609587806
0.49054086983061335
0.6615029755025035
0.3838810443317152
0.059914866502437276
0.5136695214179454
0.9956104132078164
0.09279357849117928
0.6599110834155367
0.6350765537262688
0.014736879056573284
0.2847450414968985
0.1773900626283969
0.29764549446214006
0.028369847034151935
0.5198258346838608
0.566445450615568
0.5457310032106851
0.031760219574389736
0.49394347420151663
0.46836586397771973
0.7575201102201227
0.8120584229448031
0.6576082053022855
0.9457157852372746
0.33727092123097846
0.47200765924239
0.2775943258038805
0.3692210615175664
0.6911250974174492
0.9733150276506279
0.4248960845588102
0.5206582310957419
0.5248886820464952
0.8157346474843825
0.20494647149427325
0.46396127803259585
0.9989983181430945
0.5119211440166576
0.608094072877676
0.3620465326176916
0.22681915451226048
0.5904163832506406
0.512458835074496
0.6711738397678612
0.02707030932095232
0.6250441650190612
0.4462391741000656
0.6174928151684045
0.5694188075130798
0.7244677272254103
0.4152245765007296
0.6520470788218722
0.4024552912964875
0.968804528268005
0.2709870254895433
0.024142522121124856
0.8168435501762193
0.6100403292252451
0.6089985341229115
0.9174007088157498
0.46683190086723103
0.6250522445364606
0.8597850279797208
0.0582341858837716
0.4083019261384646
0.37758168887406035
0.7396804604926328
0.6271604018884174
0.5816543611011671
0.6662414496813257
0.43840536577258366
0.9360712194175437
0.623681342715136
0.7429463141239506
0.6509111104100956
0.5314993417206991
0.5552277420302704
0.3641217183342572
0.27565614949614997
0.20001086412600708
0.6013402733515456
0.3467654553514554
0.4512243943643468
0.9470852374789084
0.7486318152531782
0.6372304691383379
0.5734171383349911
0.850562900736076
0.10333075424120013
0.11880683957128266
0.6437911413355194
0.5478667450231237
0.45917848687697765
0.4861640143459413
0.5868767564413029
0.4496815517152466
0.23370601813764347
0.14632995659391004
0.20530616287378836
0.8022307416769895
0.6357841658350044
0.24057946613725584
0.3744149202066027
0.3531731607588517
0.0001229266730592872
0.2671320930439886
0.6522931918259918
0.5950063709838584
0.22663451510566968
0.9714127674044823
0.5183305243675908
0.3169406714729554
0.25016152608662984
0.51871355063207
0.6265477893484667
0.5465510879117088
0.3642562416674193
0.4426426662121776
0.813328311942471
0.05653607290833132
0.6892044937171221
0.36578154108978406
0.6960403282494377
0.6083309165552148
0.34867082786322073
0.7951012497797004
0.07080415743977653
0.3510779668954965
0.35043036911027775
0.455331484159744
0.9223318583851636
0.1788490641645612
0.5110717027475535
0.3280135281807681
0.6393166792055569
0.2418274414819112
0.5283751712196532
0.2505684794283838
0.9086357637373411
0.990191810330577
0.4241946784010183
0.4250642835239228
0.5997550688430253
0.12358495185673836
0.9403972261856891
0.28857470118532225
0.5691410734052718
0.800054544963133
0.5198368568126548
0.15100161965361864
0.7414987612910883
0.9211384605386889
0.20888883134738678
0.9707020892533085
0.14683799721673196
0.6418198269581118
0.6392713392675788
0.2502088460369145
0.22442511532223453
0.5030793373602329
0.5942133342624323
0.4036460284741522
0.5220626280486079
0.8027185563240786
0.7089797218876125
0.15154444130336958
0.7636661227073411
0.33674790601691196
0.10443764053497151
0.11323522826356427
0.4914295195566422
0.42527947578985714
0.8796793198237176
0.47612123639415266
0.09147821676250435
0.9839126660056836
0.8379160028396343
0.2906075621148703
0.5607188811897037
0.19069993980306035
0.1418848369788511
0.16385476128642093
0.6034025327593925
0.19889889969031854
0.7762983816229089
0.18396119140435946
0.8489091637238761
0.2641755919721432
0.27805310422214435
0.7614989592237553
0.4456618678811708
0.7618874428899851
0.15715741173327155
0.5873838811421322
0.30550321645414547
0.6116979257043085
0.341274045744027
0.6188806791271088
0.5051712034994783
0.06036731989683945
0.40954801938576924
0.4889003987681957
0.5845260182940706
0.6108110067931202
0.2508937587084322
0.1898895652388688
0.4127527273187024
0.8650921911389887
0.2661623113087592
0.7248334726711099
0.48789123959466374
0.8675344119259963
0.19749858284947544
0.21942856609223987
0.6621995736068492
0.42271912784342797
0.5197739534871809
0.5225065352237673
0.9850818166070694
0.8814436292675473
0.4521588850657909
0.31475198355182527
0.14962985234014223
0.4322349964242838
0.32876421744282575
0.34192781709200876
0.7087604588277961
0.3968718936260523
0.1741140768698711
0.10784800827671474
0.10088186294352168
0.6348853157154398
0.8217183026728304
0.8759549472940167
0.1223441468695197
0.4706499763022282
0.062161720107927684
0.20530130722486642
0.9550626725670858
0.521445744021224
0.4054157982082673
0.8099912613462048
0.2726574966056397
0.7783961286175418
0.03283477183697792
0.28549512373132174
0.5017065055554123
0.6894205820021553
0.32827590526919126
0.061128490306546206
0.5429125092178859
0.8247963160502026
0.12102661032012157
0.5317326590192318
0.8185160622058224
0.7431876210661635
0.7937192625803072
0.2988667970375877
0.5341071708961243
0.09894441768389861
0.41738211637354616
0.7740966855972247
0.5205202916058355
0.9051631585069692
0.2681389147586618
0.8557001701584248
0.40101057003661766
0.6112997542622406
0.4148337755165498
0.4589366773638249
0.6067612836164861
0.23948477535043738
0.9223463457878557
0.12478190846109107
0.10888724101243702
0.8652928009463186
0.25721606674847725
0.05224881603768196
0.06770363181326051
0.5028104492204208
0.1310888098311819
0.10346259724381546
0.31641280706215436
0.058652601341902526
0.4533501363423223
0.6973565447889414
0.29500764463159984
0.21442823174984726
0.9672975760228182
0.3499377141279972
0.38034419534443703
0.43928667246189346
0.3340929911183656
0.5315597099529485
0.13069100758786964
0.1807257858158185
0.7534485956485221
0.6137879081679541
0.38296067129342687
0.4360131497669506
0.4630418987729771
0.5731087730135838
0.738779145745934
0.5208705439702694
0.1707614407219159
0.7939614509687694
0.43312222126209304
0.6449712814577967
0.4555052141801885
0.8556353963346653
0.054176820221716826
0.5333312705599117
0.4000441152075754
0.671294746110085
0.4255970967887903
0.4750652630486127
0.5862225585409542
0.3151807714570295
0.4857157971913621
0.18500855574922798
0.7081735211536959
0.48139590167061685
0.9317201629627258
0.8339129951179829
0.8735309361109848
0.4999330900671135
0.6105098483327623
0.19860070062321153
0.6244951953562087
0.31212295374296006
0.49635570259342965
0.6619163176701524
0.7039638958814141
0.6090565232783383
0.45614862493511116
0.49711975889836757
0.2222513968815839
0.06286067266057402
0.5037152016736173
0.5211653797923687
0.12701799527208257
0.9726274779459965
0.020308251621573372
0.4010551722625354
0.20453910591039287
0.569826135996851
0.2638198338852852
0.47763515911453186
0.6232140135199915
0.04874965192185888
0.9549505736870733
0.7272317885535565
0.6829566380567075
0.8555414114587385
0.9132914442436479
0.15738003394751227
0.2804811563206343
0.9344730018141625
0.16270289796386797
0.6571188470835294
0.05340624394644097
0.9450520776681958
0.8810446926816298
0.9511808111274187
0.5493816066068605
0.5084736858081549
0.45047682346393164
0.6867983273447705
0.1775224793435867
0.2596676506619375
0.5585987135936946
0.33694229657882113
0.7873228755189566
0.0032096342141445613
0.9897253306332671
0.5013134838483754
0.4818562113223745
0.7691058625160526
0.7614987449086538
0.6911441338768766
0.4321702088303448
0.49780073406107644
0.7283645024589193
0.4976754942268922
0.9842543482886236
0.5986263518023959
0.003339069657886603
0.3608993816050785
0.7552099134271358
0.2832120754565163
0.10506328041600514
0.43690276082366875
0.7010263602734933
0.3450122740784433
0.3852005500854038
0.571632456505498
0.804283389982314
0.5475445661736897
0.17049115895239209
0.6044337722082401
0.7053916541645583
0.1251475617748153