0.029992633579599057
0.6808225553024894
0.947525091953013
0.9611182024117053
0.8902656959593215
0.9072310824342048
0.9900829346510348
0.9843469207936212
0.42527898005876646
0.30708646784955373
0.9787486088928208
0.8542066366964447
0.7793879067865243
0.683715798749296
0.820047870257354
0.4171579058478279
0.6651949077414715
0.9820379604277069
0.6406625402479632
0.9972235052089095
0.09737536008293743
0.8881640230881235
0.8928045270743731
0.9246254655852932
0.5876267485959858
0.9332591876969215
0.4405830393385837
0.8327658539353411
0.7468704551069949
0.3644692749895313
0.5508420669944495
0.9820921598927288
0.30938781957136874
0.5648007494439249
0.7403903360150094
0.15724965635637123
0.985125957750434
0.10041118326667728
0.2945310751959073
0.9936797684052718
0.48958328212530383
0.9119528461134505
0.5338358916005418
0.7618371932656324
0.06863174245288732
0.9954053906543265
0.15906430465643043
0.9875204608613258
0.8752228480783902
0.18821328550097172
0.7705380979551804
0.10065381348035382
0.9630551043242687
0.21481169298588812
0.6272437102864107
0.6540568311605957
0.2664205293111712
0.767526270446661
0.5924432716720158
0.9665175060689132
0.9273644674976
0.4387187590176373
0.9735501799162743
0.2815946301588852
0.987717496758671
0.8838016392618023
0.6540342319768795
0.955382148681414
0.8716322887185929
0.6158934512877989
0.9831636315080228
0.7807593206867696
0.6183360541719791
0.7791637351223126
0.9914996930788366
0.9777696758560557
0.9295561039078094
0.4108988145189032
0.025133120597231294
0.16139695420966452
0.9081963624048734
0.9470159681238375
0.27116469039153906
0.5025199770838003
0.9512450405868293
0.8975368587390948
0.9771727698442069
0.7086214530838089
0.11079131804550679
0.9933645977261448
0.9661934919271243
0.9662302004011475
0.7132583047506383
0.806508709589741
0.8509394536330599
0.9379492639273863
0.7190486099097396
0.9568999701579114
0.6275133556647058
0.3161310928402089
0.9990430693889006
0.8428383731756935
0.6792814054477452
0.9626343736617722
0.5890582221355352
0.9758549892117736
0.15212522252850033
0.9945161886708785
0.9449875576305199
0.47856575019535696
0.2939924531700147
0.3530203120881482
0.8152803948150688
0.3026729686512531
0.016884884492707492
0.5704426705828779
0.9810168026431335
0.9258251086240493
0.15341851771488757
0.909789355850784
0.34830244139161937
0.9206016528269861
0.6989389320137223
0.21638045260635255
0.8118693738787787
0.6016460871515554
0.9840060570510031
0.8281214335438537
0.9896525634499422
0.9125415365133246
0.7783009653787533
0.16079050790709512
0.20226297751545497
0.5123343826255151
0.9650974952560775
0.7503728910849708
0.4020012170060526
0.8242707715527655
0.5963385352873923
0.9615481908276727
0.508203618190602
0.14542728255167744
0.9072309773587406
0.8842574578128529
0.6308342017931032
0.6524355456821062
0.9842908139433514
0.7680192400162462
0.1848551102929504
0.9236235176491209
0.1781301430735836
0.8370483903028604
0.974043719207224
0.24563465359849757
0.9552207427690658
0.6173465219258563
0.4733318488851988
0.8000529031531521
0.6701500937622337
0.9450870626272824
0.9024785139596785
0.9286443141836502
0.6015397412188584
0.14016442400662568
0.9994517789672687
0.9865727724357394
0.9530373461574605
0.8965708806690873
0.8356013562570179
0.991202370195392
0.06554566844456168
0.9966179828846385
0.18878355992757723
0.900284563618981
0.8484589019741778
0.8178611697392746
0.3555415138036063
0.3443263411994134
0.4556213121141881
0.9642244769814478
0.5122248310123784
0.9963461415922871
0.9548939392083771
0.6260346144302168
0.7005038385467253
0.8749400148237991
0.05868581245670052
0.6496621989447848
0.9895501821148286
0.13572477230253346
0.8217736901073791
0.616889312747797
0.17288034302832184
0.8079300543583914
0.4242827650683605
0.3097952723284604
0.9674038335346941
0.7922322903995024
0.956967287564436
0.22395821547395534
0.9853098850711035
0.9132159075963915
0.9898270942614199
0.9960542621049708
0.8501607511090454
0.017083964449759795
0.3656609515703935
0.9020111332951322
0.9805341791840252
0.7185967370283686
0.3772098167915268
0.8618308822619656
0.9873035948699586
0.9878643672928648
0.9984458792839294
0.8925768555847866
0.8016394281360715
0.5248602707611133
0.9810432244049169
0.9478498494704568
0.6282989721342177
0.09889281553133376
0.9981681253725019
0.0384661069581923
0.6334982588931832
0.1409210982653053
0.6167468750962752
0.9461679826333583
0.7901554644322338
0.9512052138690131
0.40581057242340957
0.9956299708626297
0.9179857600632408
0.7604457670095638
0.9861799281936257
0.7074594531088887
0.9321138422417566
0.09291166565520433
0.9895774820774232
0.5712609258759006
0.8756215255291873
0.9786049608587768
0.12361637406691632
0.7255950885062246
0.7865796124607888
0.6296778296799953
0.726334730129625
0.9709911315896836
0.48735010472437307
0.9710307345530856
0.6521805752698461
0.37996495156608
0.9231724766854362
0.8666310555521204
0.5697767380155426
0.25426690193607426
0.9684779224384896
0.9288943069267488
0.7090251880018119
0.6555952094972501
0.6685860232030054
0.9934160562107678
0.13158482894842036
0.053896623720101317
0.8302709711244736
0.21504777929851412
0.9962745169173355
0.9096402061914496
0.8443692746883723
0.06582956962534638
0.6710438981956481
0.4804057575419842
0.991280796672581
0.4934181025287967
0.8662404494274617
0.1697466499854855
0.6004255025407171
0.3262512940932839
0.5645298902400611
0.9331034056293349
0.9740351946305441
0.8566101777626592
0.3307390944001093
0.3460471867050005
0.5165527914525718
0.9240906325957927
0.5279440478633084
0.03298553708191229
0.8585115772990216
0.7306983848701104
0.6878065937831801
0.8948406601079464
0.9415286796220399
0.46693903111651003
0.5982916736829461
0.2505567360551324
0.9944919025798445
0.19694985158289946
0.8707067183120106
0.2248312065030034
0.5028424645087972
0.9561733533852272
0.9970195900251522
0.010254199488480123
0.797826668121318
0.9944575212195651
0.6179118182960381
0.9909246701805843
0.4889151906708059
0.9989734736105913
0.18441700618783627
0.9877670187389263
0.981167041833166
0.9106331007028651
0.888943202426673
0.9995630059251459
0.9781466698861452
0.009938935384381233
0.9988618092992165
0.9821208682259805
0.5455923145463871
0.6469156971089117
0.5590343872566684
0.9947607763863087
0.7549798014855645
0.8892317844464239
0.23705308464047964
0.9765010251675694
0.9653543336182805
0.24659387985017217
0.4761248048598983
0.36697160271521023
0.993520585919522
0.991370434935249
0.9001753325327471
0.994185895589219
0.2401221378205666
0.8383070690887698
0.46300247832935454
0.28345641618412565
0.6166442056752173
0.8650658307988853
0.870997361621565
0.4380805439343099
0.23707124399087537
0.9744095464393828
0.3746720746925051
0.7479226294925361
0.6300686584799889
0.985598211591986
0.7923335225433332
0.6753099425100794
0.5141107683785325
0.42499041629162243
0.862510789852093
0.6266045503832209
0.4297935980313104
0.5335460587157872
0.981979879069374
0.31572386132861785
0.8192231295102453
0.9772304516456974
0.1415925015770519
0.7734303638629472
0.9518796060690053
0.6773027380170219
0.9909078080135851
0.5181604809509692
0.8854226857034838
0.2660434622474029
0.728584374710752
0.11667929798912237
0.9444198228763253
0.2799372664772653
0.9863031781899314
0.879990898144295
0.828072380405769
0.18703087540838134
0.9379008813564498
0.882818340867558
0.8944970160333169
0.5051748958203575
0.7623954004462712
0.9206068088570545
0.3798717238725761
0.992588593613058
0.45021392727228554
0.9566411400925724
0.9949800255801332
0.36477367304256897
0.9910512380707619
0.45441177279186884
0.5444416568926972
0.26036237870435225
0.9868910865351295
0.2070133431700894
0.9773113676322592
0.9966828305601741
0.9747648754707662
0.36124733661409486
0.3178211524230101
0.9883495608299105
0.9356990911501144
0.9472921315191344
0.8533190318382479
0.8259240517366627
0.8990703814839305
0.1284366765014865
0.4551929495488559
0.7465676693949158
0.9512634893720399
0.184657408423308
0.6920808270083069
0.26651652112217245
0.49539043847159403
0.3416648292544849
0.9979288094637871
0.9553793925188405
0.9907580006919096
0.10754967731104251
0.8922114207540718
0.5356993511829661
0.9951034802561941
0.9916332133705367
0.19620734159585113
0.8597459094505776
0.17059378131015576
0.45547022941700555
0.503779062299198
0.8449753149880467
0.5152851355455669
0.5553928270796463
0.9833774315471279
0.8287348285083662
0.12167840261576605
0.31476401995336606
0.8918571179761859
0.3085268149806916
0.2228180065265707
0.7908363792713177
0.9965553243045995
0.8043507545256594
0.5920772369490771
0.9982814979805796
0.08111610708682654
0.8519461301787005
0.5607709336606239
0.02053305624648688
0.8050336343615894
0.8559962096773978
0.7180090207709703
0.958563981488825
0.9573523288751168
0.9946259720394156
0.9267010419795472
0.882317532686793
0.9737727448084194
0.5658422934141617
0.9999521012862136
0.9861239160338559
0.989335665825298
0.995115022854247
0.9129538978109679
0.6395151875127281
0.6803774102121268
0.5653017872754442
0.8430752395017082
0.9218504782958289
0.947917881408834
0.3645481878266743
0.9303232793322149
0.5516367428089264
0.4512776105219836
0.34457669708107924
0.8367122660409491
0.047703093457216836
0.9962288681485703
0.8171619148998708
0.8519003583356759
0.9872372777441045
0.6990545452450296
0.20047889234405886
0.9451820119316909
0.7833358597363032
0.8142678435658594
0.6240371247435395
0.9822483143458102
0.8328824694386782
0.5854657453032862
0.7826901581583653
0.20618680991432597
0.616386123953449
0.015041190717897715
0.8859707028783764
0.7303307589257694
0.015069928584957338
0.8987342616118411
0.8449899069438125
0.9502419746200561
0.7462719969051298
0.3303218011975878
0.022965742449536874
0.5341290098467036
0.9788675250916455
0.7710863330315096
0.9892563711658876
0.9993395362773296
0.24276744278416731
0.7128428375964131
0.9600613533791538
0.962063454669306
0.8366673485426949
0.8242305376458211
0.9759980254080827
0.0715642608431784
0.952747924807217
0.7910090253894974
0.6255680449618986
0.8788217990293677
0.6523841003855071
0.4104667161420466
0.9587221204403211
0.24590391310923101
0.06804452597745882
0.8907280780582802
0.9353158968124599
0.6000143423148198
0.2888733211980032
0.9520523717479392
0.9182012141648885
0.4154933467762714
0.4051185906677471
0.7826904573476923
0.9515866306227775
0.9302402234351239
0.9856250478614451
0.9585263090399184
0.8357044937677156
0.8318372989539676
0.4089756107340105
0.959049655673086
0.18805683919312877
0.31570935892476687
0.9260847240831567
0.6579235798258498
0.643288938358161
0.803335440902668
0.9751891003413445
0.9568262536918783
0.6906832731463779
0.35247672460876445
0.5468783176445873
0.698575030755662
0.22757051886547408
0.9421044043251446
0.4567777278544093
0.9777106364470926
0.3053178679807442
0.9006711997120166
0.6903177100323619
0.9841036274936255
0.41170669084823797
0.463967150399502
0.6028978200974369
0.40582630242826856
0.42967825886536626
0.7038989953882844
0.7750432568792706
0.18242549707227296
0.8251618446021247
0.9922310242708291
0.9193150456869426
0.19112523001548953
0.8014736167968728
0.9981889240529601
0.424203030705397
0.8777760232036326
0.8027287489051226
0.9368977443611664
0.9973710134381432
0.9370994304287774
0.5430585142204072
0.15727270581304406
0.04508715241272118
0.1500303704726669
0.7068858935849913
0.9958190300329763
0.9858561133412491
0.999932207694146
0.03557590538285473
0.8017994644549797
0.6409166473420289
0.06610516198822258
0.4646892511193573
0.5984752897790363
0.6249960248085161
0.5175053396089159
0.8946601064285421
0.9591336589335638
0.8973262488669999
0.9583303584023447
0.6115093979140427
0.78105244639335
0.44297747302829105
0.53604616505609
0.8555630583357304
0.6205331357130641
0.42372037293768555
0.9795614816953124
0.8812042278334394
0.9114182818926472
0.5733955557573095
0.8099307300502424
0.989843529584615
0.9872728748198055
0.29672688894343036
0.8670838460082495
0.9542775104006392
0.21806748828329225
0.6911947029649144
0.9847437482326178
0.32687267160629985
0.9322967611661805
0.9992501336313301
0.7151235178607176
0.9300952371866849
0.8802540966921206
0.39072082204931374
0.643512522898453
0.08387894731218631
0.9733784412565135
0.8185857610337102
0.4793354900839378
0.9937954447158658
0.5528096711282858
0.9982303199177284
0.5345977084206106
0.9540763493195776
0.5436850599170121
0.6029331520904232
0.9922671686821484
0.9443381641811475
0.5784399311807309
0.7933401415718859
0.7574145767706028
0.9852039180484664
0.31054380565005424
0.9319383270121165
0.9907098864966841
0.9317594795825546
0.9817465927826464
0.4713593800071652
0.28721495161035837
0.35354173423028146
0.7354732021377842
0.7721023716024353
0.9858785836219214
0.19999093390999492
0.5918940118933472
0.9853674114753617
0.6057005561511075
0.5293541834656582
0.94397936169275
0.97207154971976
0.8773348458141182
0.9058567472241831
0.04619891423014226
0.9571609969757827
0.8646042693598256
0.5664954046184395
0.057800157627233645
0.09846327110599848
0.5718361657936966
0.7811294569818035
0.8509959381293131
0.9712383316582518
0.8802583372254777
0.8193809910781306
0.5747525788954632
0.7242412810875934
0.9345237548202172
0.6845263635195652
0.8121063018915073
0.9002730011124239
0.986052156579841
0.8236485739543757
0.4140607003559956
0.6033420463444491
0.4565346398582689
0.9530376242015538
0.8430174800152267
0.9948955655591325
0.9723521155517957
0.8033188140764591
0.9396247190761418
0.6606112844059189
0.8448434285472752
0.8886637600163083
0.8579754990724984
0.934899879833178
0.7631282384191778
0.9750073127482876
0.45001631651390817
0.7190436690929974
0.8119754975217534
0.8919449023199804
0.427311393858916
0.555874142000663
0.9905518277720694
0.1033818151799358
0.6475154526782543
0.7891812202759432
0.9904833424395918
0.9946878383894592
0.9617691451234591
0.8521006183370194
0.25808694503950574
0.7485265283539765
0.8495763912686471
0.7248379159562897
0.9304035481797173
0.6396342862096038
0.7955193398246514
0.5564868522307527
0.33752570035579194
0.9843384999733181
0.8308011443099772
0.8787197901830833
0.467922234523737
0.8606360058641984
0.9895346711373298
0.9663933905510819
0.9541660631751181
0.33666657908984865
0.9990009213189754
0.8728218782226804
0.8085044293256199
0.5688873873506829
0.8698562288058622
0.9267996951580126
0.8869015736614393
0.7914779499080546
0.6804505408074949
0.32478583796888977
0.7614459032172667
0.13017435438331904
0.9682828363371627
0.5794536803430613
0.9010927540346054
0.8285566678946067
0.10018788531923355
0.6688368844683305
0.7687499189324831
0.8976785623113158
0.9333035261515484
0.7636902012402358
0.5660742526620087
0.9966268953283945
0.6282063478978005
0.9214307502641683
0.9986604880574244
0.1163752394807171
0.5265035513052901
0.5377379034300717
0.12891749793853854
0.6757269583357267
0.7452783310178643
0.8659204980155661
0.986422104066365
0.9905559621682664
0.7322121556054946
0.9987549781063432
0.288023608278734
0.38456506221737946
0.35447772291272983
0.518530054504619
0.952090514415411
0.36943775692608605
0.3499610739699807
0.8696010234910312
0.9920687926962459
0.9044603406522116
0.09029998946095563
0.27873783259025314
0.7979334643711234
0.9466141487296581
0.9442926778362579
0.6879955047246626
0.01847048702430813
0.9162022245166122
0.8917971483292059
0.9850179733635241
0.9605959800114208
0.016238059536159092
0.9305561981733571
0.9500205929825903
0.9513031943363954
0.27959611444148474
0.44098282620192564
0.0018582526316995066
0.991633934591723
0.9935643986065644
0.6088395484119349
0.9048014072901056
0.959320711337786
0.3663364117276124
0.9698233654228893
0.8966988992651796
0.026259892097123726
0.7247001307920126
0.8671926003795265
0.8896959760355574
0.7599263949385074
0.9291641707523521
0.624726549066063
0.9993246931886605
0.5776666336655389
0.2159402292573114
0.9927386492381706
0.9063379986562383
0.342316102687081
0.9699333593752815
0.9432721426449072
0.8753389770796242
0.027404813526153007
0.7761729828379628
0.7080192955008265
0.37258101512040265
0.8190600574604582
0.6876962454601969
0.40933934004488554
0.7967120262608867
0.2859248476828407
0.9868449659945311
0.6236668765023728
0.8000352339010229
0.3544605774755499
0.997935713841249
0.9606780300557639
0.8355960355511823
0.7272956961762999
0.4438886802546245
0.2808073125094167
0.1361766170830164
0.5316294858015294
0.6332747927167046
0.8182079697983116
0.2552313052434023
0.8842666603944548
0.8413325067482991
0.7893466310112495
0.9998862259548846
0.4025313150502684
0.9320494760243747
0.8765891918086244
0.9600585965875718
0.9549383063146181
0.22173062249975206
0.9208871038794199
0.5653176334620139
0.9978137802235817
0.7034776708216494
0.5546424187262493
0.3339254921372665
0.6448173968393772
0.13905150321096038
0.9354772416156285
0.7853742028074384
0.8887773836955272
0.14659402036889738
0.4637000714501928
0.8079183186888668
0.7808843055209955
0.7379541982235893
0.7768260057376196
0.5842784955899142
0.3279102308639172
0.9894262262020174
0.6666628148337176
0.7613606678809118
0.9054018625391568
0.6947390489161549
0.9549429712945829
0.16319853031022638
0.4820306530114485
0.0925517071565845
0.6138731641508929
0.9334656458794531
0.9790324366100401
0.9608632883440557
0.9476638928572068
0.9349908760838379
0.8009832577690338
0.8774640610595207
0.5764640882425625
0.7826894152859434
0.7033493949957028
0.952911600688718
0.34798076466972416
0.9656980197075843
0.9693228295829703
0.9870303410659176
0.8610471383338686
0.5383218844887384
0.9877875176701812
0.4381184313490129
0.9982471035698808
0.8454791770439235
0.5741473842281438
0.9874251298914994
0.9641744498551152
0.4779116080156978
0.44748910217340476
0.9953177824857685
0.8287331986627002
0.7261875753776159
0.9747333689712663
0.6931829757585064
0.8619004948183103
0.9998993562040558
0.6922478130780173
0.4240988438217789
0.13866997087535257
0.24508128683781438
0.9951554020133403
0.66372239231367
0.09920415954145002
0.9637308480825344
0.9986783009600343
0.08827446702529235
0.5220935432445728
0.2221498923236946
0.39389651896379146
0.986414492275538
0.676559481960535
0.41566490669672107
0.5785639013409511
0.12876490188343198
0.26596608740607797
0.4563164557710302
0.5544081211689323
0.9281378469061352
0.8438288167117675
0.984248955170649
0.4931202249833894
0.983623217044574
0.44107153639665797
0.331690263854332
0.3708605890168774
0.09069622560837066
0.07229129312591864
0.6176241164206796
0.4477603797930235
0.2233976054204409
0.5506422918053651
0.3727162080269107
0.8176589597829166
0.3735254188364398
0.6423648398428382
0.2874642679586525
0.20485181323290955
0.41910172494240466
0.9861972669783596
0.532216434053487
0.993321175602643
0.906969947039073
0.5191814267669286
0.09175285736858889
0.976036961327846
0.9528661231339632
0.6571468526245547
0.5016330750462925
0.41243088663098626
0.9537187269143126
0.7963720418999177
0.6034597305307424
0.9067587155029426
0.8822922496697885
0.10698038842439578
0.9934822461832883
0.5280679884694083
0.7143646910152415
0.3042712262827237
0.979723830873502
0.4808944988831896
0.8808205532396902
0.6909571043773948
0.7963974813455043
0.7965291170786207
0.9753098623867515
0.4677454191785453
0.9777751435128004
0.8769985667512255
0.9855751065408775
0.1461075327289081
0.9293881179602823
0.7760004745826448
0.91534736279781
0.7818198260510548
0.821502357092019