0.45414707897222184
0.1005632050659048
0.5384887451621833
0.16408692771605807
0.24384645961617263
0.766450265744095
0.5123089855711705
0.4702014228050065
0.7931518214765548
0.4831925098705261
0.26474891639652565
0.3121961903466707
0.9575820772069505
0.5152773093316042
0.5510431743859405
0.3445969797780318
0.21834725665161014
0.37717982415047174
0.0988160013183807
0.5038809655387432
0.7818215843231697
0.7762932398023645
0.2049778726622689
0.6393522570892646
0.6317083829370463
0.26222258205030696
0.9803470667014585
0.44349251550214375
0.7010099619028819
0.9901908849617962
0.782508148438164
0.6384595126124745
0.20250382070356057
0.7074731199993914
0.5784688780837574
0.839312568372771
0.6261456899805881
0.5383944116262481
0.7024938625876375
0.42637064703928423
0.8083142983992655
0.40621698967387354
0.5339120176141293
0.14938534777987894
0.5656481792962813
0.4335779448730251
0.8407941888537774
0.4530206325562607
0.5602876906203893
0.9512690725442243
0.5136043171158954
0.10631201588541724
0.3898730272842803
0.7777459110186222
0.07954731966697483
0.9338403039648557
0.059394153897566734
0.4977124369209958
0.13906788426468014
0.7441237366078888
0.43577016097369725
0.9692313481112053
0.4187460533723009
0.2294907163773468
0.4601600129363413
0.3767482039767017
0.23074372704561846
0.31339432221664004
0.2698285830562753
0.8502025179526062
0.3666853749034515
0.1371244847851701
0.06904935925317163
0.4873906430246241
0.4450607774397562
0.5006921786041671
0.5461782426544561
0.36916895037903125
0.4221791279933441
0.13483612303136147
0.6784530783029968
0.3526692980415739
0.0750959623824838
0.872518482371989
0.6112396514281294
0.29502805272892746
0.6759107619674398
0.9416785692621386
0.5699286516985475
0.48065141629630187
0.581620968011158
0.49544787289893066
0.45484434635187493
0.26195113322285557
0.1788608596360243
0.25329682903006323
0.8764437300225872
0.6422806215806846
0.5655155754034562
0.18565968413783832
0.5312690389274557
0.8819676121102875
0.3926546576286003
0.4757334526591226
0.14678314827442565
0.3511973218176736
0.8209182002801064
0.6394457050957023
0.45917835559148923
0.010093531264186655
0.3680986673153439
0.08029303443737158
0.3467637604966204
0.413161947529303
0.5907867565095251
0.05377225154682539
0.6684752058281644
0.6357540908551509
0.27574444620356
0.7303410321448757
0.5056096411192056
0.6470011313974426
0.044669579302468336
0.2049392858925267
0.8737347271572732
0.7253016496785905
0.5613725221565855
0.8810893989606313
0.5438312855089812
0.8064149692805461
0.6997879940208473
0.5637146907044164
0.8676216406561467
0.012051424901876096
0.3119728767517371
0.7664218164239728
0.0780812148181066
0.530842014556962
0.029618758552812742
0.37234804483964534
0.7040529990510109
0.8218560318365034
0.6819899279610732
0.45851913188037063
0.30592201388711854
0.6181651395080324
0.4669694375541249
0.26353942696855165
0.1328263136954151
0.290832789154161
0.21981064304390988
0.5529718240577391
0.46799615445304216
0.18756637951405267
0.5578710266105922
0.32466974930515735
0.028051756354876972
0.562521496221511
0.5794677925942278
0.33734615209291857
0.3222332349452282
0.2614978569435797
0.022576298184265965
0.5423154640735867
0.48983201225027734
0.43487910224277865
0.7217108780055049
0.31929439842475543
0.4619728587125078
0.5209161631921976
0.6407516069770568
0.5356259246264325
0.8688043252357011
0.22601300460942828
0.24027084194524803
0.09698563584650695
0.9074683221925886
0.1814855595743116
0.5981494646042355
0.5402521302642707
0.9873468495062733
0.548047981562866
0.7352782734720862
0.9742925320065117
0.30719096728493606
0.7975273277460065
0.3643460837014971
0.5054806043827642
0.45913539987811064
0.30151699394471837
0.625883213759879
0.9235153705290887
0.8535102946511293
0.37698585681793184
0.8242052211526267
0.4000483781172952
0.45940797505755365
0.9189331972569816
0.3174042389172699
0.13225451050021061
0.42559238957721984
0.3599883879439266
0.4424670580771703
0.43667715237454074
0.274518130558033
0.6412024210572467
0.4224016442725944
0.3112086954018476
0.5467406264479192
0.7345990952237551
0.11242642832386296
0.6317394760875376
0.45883375263047976
0.5811590685297131
0.5216091921343802
0.7934836384459446
0.882561424464899
0.7527790497534316
0.6830256933910321
0.7327375131633521
0.7669030650320304
0.25573808181191143
0.5247246485919376
0.44724001645527184
0.5450309707097443
0.44157083265365843
0.9687266446007724
0.6440838177663142
0.7512513885519996
0.6397014020223998
0.07898974345935397
0.44248957827350227
0.5072367987395898
0.9261077147067127
0.5519460755243208
0.05224430029638264
0.30951860188690694
0.38378511642762203
0.40523869166149995
0.43042798568144863
0.16479267464110667
0.49284805594537284
0.48097910692280144
0.9740137162915219
0.7948964914046724
0.38771167042368626
0.08846696496730436
0.7583411597393132
0.06887187652993117
0.7085220468637679
0.09798960435848265
0.9705762301979088
0.6675969757541372
0.7535840365473857
0.013892522629604522
0.15717479134543777
0.4709737882557352
0.3612056492144534
0.04605958042033416
0.5779888380496978
0.9128091504744151
0.46921914646305185
0.2305346701672414
0.5416022501826857
0.9355545072959481
0.6971741607015493
0.43816114731655426
0.21993947383508386
0.2967808369459942
0.30020717758139226
0.10821476710077198
0.0881126343200077
0.5910108406084537
0.08653640993617016
0.2811320385584248
0.8244685945197346
0.7357868567686954
0.037525205347421244
0.9304940909136612
0.6798416581368423
0.36507538656690325
0.71549548298458
0.0813435505267055
0.9331511992669078
0.8194016338040432
0.7225076783347557
0.29469179587467936
0.4811996799139106
0.47235042745457295
0.8052661650166598
0.17033679504915558
0.4334861379550973
0.36867499132361925
0.5432083274074194
0.5047532894226214
0.8978840120719571
0.43939169137165685
0.6987677550870772
0.3045269232991496
0.14387667548693558
0.09514648369380428
0.23153021141735614
0.5108684959122217
0.540950247430166
0.8966310451129127
0.5482833108905106
0.016735440295158097
0.5844984505804611
0.7066966920207872
0.4699973333253702
0.2827176332232784
0.5728186062593256
0.6615901547578056
0.7424637402998147
0.3963362754971032
0.46693915384554546
0.5121458243056748
0.4507156316304006
0.511258907724407
0.43778761459508453
0.11614499423355185
0.15838616101737688
0.6177107129037841
0.468904940122691
0.1148799149521389
0.772476700226871
0.09790272484471073
0.6202648554725453
0.6220455645055302
0.09083403656791504
0.0704217343185948
0.05790646079760922
0.43389564667120145
0.5157822367342957
0.47417540318891677
0.5382701912626822
0.20701768066249465
0.666897760378801
0.3828486442234529
0.5440960435064713
0.274438201769852
0.7036148587324798
0.48117673496093577
0.4951422444269131
0.4583839851440723
0.4451387479133715
0.876231493261924
0.6090939822468533
0.08561341394429745
0.3422802283582982
0.8461224690050523
0.6772454291825474
0.0029383457353742886
0.015984654310565845
0.22195489780383185
0.8885958086033762
0.4067086322743635
0.8963634742279166
0.4620219261759906
0.8834177752739495
0.18783411015743381
0.3898187009965468
0.46722567911411833
0.929292583450409
0.25366630869018825
0.3849355162583973
0.5490969570631583
0.04737680499493313
0.7969045415470789
0.09350453905071454
0.9255373769800641
0.8092863042873588
0.7659741377327288
0.04073085721795723
0.5681757691439179
0.5391893232597832
0.638459138282642
0.5381088597791046
0.28443390905060245
0.59688345329804
0.26564712137611407
0.47590464523187953
0.8278737762083471
0.21467956415371953
0.7595215238458733
0.5590584115706803
0.9613327423604296
0.29839920561396904
0.5265880552246929
0.7886849330338045
0.4882597823784488
0.47308718399483196
0.0223196631993935
0.5361938966537446
0.3999553348646515
0.7211850145658512
0.582269826466018
0.429615057658152
0.4416402618110369
0.83254454579454
0.8422060631950291
0.43459333410121437
0.6362411322884806
0.6835201335486525
0.5761803384953038
0.5009307668817137
0.22710154685679412
0.42585385157103317
0.9795002235203909
0.8823742911378396
0.4032838072478042
0.5751859625681092
0.1299490998308193
0.8264751507068597
0.9237362068871002
0.9161148875195433
0.597928383474008
0.24411031856595197
0.36254391092686183
0.2355870359514177
0.2013216900609834
0.8290467441989927
0.4964416317850033
0.4955694642014751
0.2771043167241996
0.23065044595866882
0.5127236000085649
0.7567925625478059
0.9561887932114164
0.42220930968879256
0.08437050371993943
0.28250588066574256
0.3911509494990852
0.6664176895679769
0.3332551444622991
0.10475053056684586
0.8027947141012972
0.0603756613712831
0.28990601615175643
0.11498366511314594
0.5882321255433061
0.4596718384911201
0.19280708567263624
0.46255194916545767
0.7834249143908755
0.7158309022038155
0.5679506377268138
0.4256946439621109
0.8205059373132024
0.8503276908533083
0.07151432881190307
0.314784944579569
0.18973321956210176
0.4571211300883625
0.22688428074453704
0.28203998669579944
0.2981893558497784
0.963698808542817
0.5332933271213198
0.5262428115826366
0.4209502785661142
0.44154435056572316
0.7562759398814404
0.8173247286032264
0.30239592572649826
0.8156322733961485
0.46368565181446936
0.4618001220553628
0.635204919813546
0.39784400042569334
0.7022801865707173
0.8506377945904007
0.023410908257330727
0.09653889920610435
0.6795757628910657
0.42302993912011105
0.5312949143289909
0.7655939102427367
0.32776282621369834
0.549510921536834
0.10196741626605989
0.06168746102626298
0.36619721955569656
0.9239272584505508
0.21038828999848697
0.0659595588912507
0.5741322512015054
0.12049886880629396
0.023300002100364658
0.2886742807900125
0.09081670822805273
0.2611995514193346
0.5575839460488161
0.74265220306742
0.9420294474107804
0.5448431872103765
0.19166402141823835
0.1955935858348126
0.6537755493284223
0.9083401028060892
0.019059762220520624
0.7286610241018581
0.5983913261228708
0.49959678485920805
0.8871286770105843
0.5098574119464259
0.4923120801445147
0.20830420185702944
0.8037675646404695
0.3502791149774305
0.5003418933298449
0.8735677666318814
0.9062858901791915
0.32396782564269777
0.6489959361914052
0.32792092865693007
0.1919114120096128
0.9124051888469779
0.3411244108606863
0.1447551447045531
0.4647692360709441
0.3288254583816458
0.09563495884669448
0.29094112489295904
0.22057377331149625
0.7031678888924663
0.9892326525790848
0.39705254950541097
0.45715528458975135
0.23925436598338917
0.038876569032094126
0.8373109159009855
0.8491175556306917
0.6795876281604118
0.78606576184964
0.6555446906795998
0.6280386168825572
0.3788565940899953
0.1935376085511791
0.886425490115637
0.5491324231545547
0.40250085458231216
0.18251179467860795
0.624119417334506
0.1531810465005083
0.03740329307072167
0.5423930342688411
0.6718687424538511
0.508778823463363
0.8659175629646407
0.1533862664193827
0.2255609184221907
0.9244750522012717
0.9055172211010069
0.30585797608318327
0.8701282897940781
0.4686827822973081
0.9231597132843714
0.7272553959815403
0.6440823401388919
0.6134740987102583
0.3199711383684386
0.9728955698593389
0.804909164775525
0.47121540383433835
0.5867383969918455
0.9115375173615995
0.42285848752104455
0.8089512700365309
0.8827149397277482
0.49328520483314614
0.2736131403085288
0.7729517818412069
0.1914127582420025
0.5394281797232285
0.13049765756389048
0.23139987979412463
0.08544304779942383
0.41171760318010603
0.4063411380896747
0.2735974338366447
0.15439204755253766
0.2843785808759213
0.5215946757988815
0.5686025459779478
0.24307371949216638
0.45622116622123216
0.5430335219901934
0.5130003274961729
0.5694024838639836
0.06501507759552905
0.14366242829190773
0.47045081854922954
0.4135580578056806
0.015430522311574555
0.9788259353589803
0.6494941482483076
0.14988552124980783
0.3272343985598977
0.3435265206056773
0.7657047136870766
0.650033554132813
0.11035927759251822
0.39719935482135144
0.1537645661283168
0.10114279808534676
0.039495456708294976
0.5704554083120761
0.4554903895385495
0.5071386984447529
0.6250858960673871
0.5561937389819765
0.8840496708124174
0.5783307738264578
0.4095177722054975
0.6630840170300095
0.0957547095164377
0.3453250981540876
0.7838421861202146
0.7799653799965465
0.553127190982018
0.45375504123773236
0.6957548457666817
0.4244010192470839
0.8958016197540934
0.23842232684397463
0.22864718018739524
0.6558985972616533
0.9297667227784713
0.17927265579144758
0.6354727220636711
0.23989239929962217
0.8384484125491564
0.5021745201871011
0.5629286040276726
0.5046861148799712
0.015599028406308587
0.634177189793375
0.8542942391826504
0.9848435777627336
0.43027394617732095
0.6748923155874054
0.3240127838137172
0.10261991778215279
0.07008494754361512
0.3875689397691559
0.039374591387946835
0.40840288105332007
0.6173988860097749
0.6643262232524634
0.5064426411198895
0.6965643685308675
0.898437633723821
0.5603133290624496
0.21061962862275513
0.10287242296298167
0.5161918600265585
0.38414666912804035
0.9995302024029289
0.618845685649138
0.14829778549154948
0.7046127044261973
0.6128033072830616
0.5081092918207514
0.2758523842939913
0.3621754129938502
0.3524911168611226
0.5093865535815412
0.20830510140373298
0.7548520963326386
0.7143420678441091
0.5451280190318949
0.012226374082838562
0.09506461504976184
0.13536108716901782
0.5120970773893406
0.3223510698982512
0.7717521899057495
0.974003354113235
0.07756403277220765
0.6570979901975021
0.3226388997121648
0.2403880058319619
0.1753532018858256
0.39458156410748263
0.3810599452917697
0.799543719358479
0.22047539124409868
0.9728299784478498
0.3110780993291608
0.8615001619293062
0.53599597580616
0.6732429010166093
0.09044313034203828
0.36710856892357696
0.8439493211215238
0.2622588163778263
0.31831419344072953
0.2366227728888169
0.4228487288157273
0.062141620109198374
0.5459339109784013
0.41692358556826065
0.12548813951158494
0.13230392464451304
0.6422748897775135
0.8984231796760128
0.6051489721127565
0.5085649438098055
0.24313087984653586
0.08981384626162907
0.10990140088291782
0.5018698612549282
0.4895284327081748
0.4409538259495995
0.8265823534928535
0.8712502270503829
0.4640932381056527
0.8525117978489738
0.9166517868801387
0.6386862725481948
0.08183346558303693
0.8468945934732219
0.1116325231536203
0.6947772443551287
0.5877104513120026
0.8198836720325288
0.18855271812963748
0.18858801297003333
0.6773056152965308
0.5915559794781542
0.47031925018492665
0.6707157232443787
0.06318663296830382
0.4430248193851522
0.7048495256049405
0.5685505046472059
0.34273297824734666
0.2315671055874675
0.7406079561092327
0.790479909906887
0.5962961962795341
0.34494006874764216
0.9479160794121314
0.9228301618005849
0.6324647478008577
0.3901524717162533
0.0915640328421319
0.5088620711740787
0.40251586654361093
0.5089008231652679
0.473450572389076
0.689688096049341
0.22419648636889186
0.2567242161916398
0.18984820289696602
0.08503687801151988
0.5581845542003981
0.9878749177360784
0.28095168024151596
0.5435383409472513
0.42176646654199423
0.035423048476870694
0.9274380450385881
0.7819809093748358
0.056395702771051465
0.761314285436213
0.6040670617857582
0.4357761066564166
0.5649909044111339
0.8054524224626716
0.6017725496291976
0.46996642101454733
0.4437324351299199
0.19797222132484396
0.9471249495055426
0.28967317634097783
0.132212189778253
0.1919895479454347
0.6429095573196717
0.5250880172911659
0.6073157896567571
0.45451350755349146
0.10545885315386117
0.6676376580356876
0.5391222687044612
0.40874596498338317
0.8647999269577711
0.5990987387936719
0.6378603330871613
0.612242583196791
0.4766860432168307
0.43760357404460953
0.5094035890204166
0.6564818959163121
0.29558495282482933
0.6475569231835296
0.39290017220164825
0.9869019009160678
0.5481364460434381
0.43650489138785115
0.5474234573158772
0.8660733954314582
0.5823082021309625
0.6640574090909387
0.8715019311567436
0.5351488243483805
0.6687649420251759
0.7175748381910708
0.22541165053522338
0.4832373542583767
0.3390489100137021
0.8439491720832637
0.7336516355656052
0.007152520743903754
0.521699483984238
0.46884226071050816
0.4163834873449688
0.4676046626627886
0.25246581839100357
0.8792864207530594
0.2889982160504008
0.34782017137798743
0.19226118086090996
0.442644878573231
0.8960424459543703
0.2684465966173848
0.17393793987843018
0.45306334729650133
0.9513658388770542
0.1292494319913351
0.3546985945431857
0.8016326197474627
0.5925790606789464
0.6755164721788712
0.8089364961195266
0.3537426721407952
0.4796050048031831
0.4117460544998033
0.5997186450051475
0.09667664618192602
0.9187259930690161
0.4849825951883419
0.24090072932042025
0.9999386455272569
0.9373509094462892
0.14718729078385814
0.5531027808694366
0.23852651654657117
0.7473538470504667
0.30574261889090265
0.45376151940624204
0.11083175235071704
0.6803616947473075
0.5176519775853652
0.6275397058762722
0.268384061233012
0.7380909100571279
0.8036944651482695
0.08985203985158044
0.5722534940001833
0.4272806680946787
0.9586570304300007
0.22686309977139885
0.04499220514054516
0.16826349339381222
0.1830442655937268
0.9261922953563835
0.8304374818682301
0.43392957367014845
0.2797234086721255
0.32146465195861407
0.3813874561362602
0.7684740051006591
0.20743538615744944
0.36588378476789407
0.6498624210474091
0.48421216168087766
0.14892540162691922
0.6241975779152475
0.18882699429013977
0.28165389229831533
0.36186600037924943
0.2868499850607062
0.03679557202366474
0.6622314286673504
0.6503287112160469
0.6557461812771122
0.47476785051802345
0.6680492468019561
0.3403068672746278
0.7315608236192295
0.46012228188690923
0.568891079814121
0.06320721232793883
0.8831186661656382
0.08072496778645767
0.39349217581008306
0.014979349190846498
0.38506232930882084
0.47901527028013663
0.565365184633323
0.34630879937265
0.12298079868073972
0.5883307772555411
0.955665245024033
0.4943414556144943
0.6794506213041359
0.6505043296733978
0.4017820479413494
0.5603519803781878
0.9539740583795383
0.007482934084728404
0.6132583755426729
0.8808376606872323
0.8454426587190951
0.6386087839141138
0.19570988966913644
0.22287725651341037
0.5301382403167
0.36482728786538704
0.8348094867418537
0.4879316370260961
0.07637486190179124
0.5781554956100864
0.10332913824834947
0.32038029593132494
0.599470958543533
0.47022974422442587
0.35035391198086985
0.036659399607557736
0.07681675417360867
0.015145477788340932
0.43193955473814805
0.05903490957324527
0.2810948796475481
0.9741864927987345
0.8850064957728043
0.7689779108709839
0.7241488095518506
0.40824702755953773
0.7461525901681539
0.38042604838750776
0.6812905862520593
0.08842404617628376
0.6334602617272799
0.9796909211112231
0.39012401948903397
0.46880106623020323
0.6109342022077152
0.37995591966312314
0.10562952879764273
0.2923922669080397
0.7329239545334985
0.0696118271694438
0.7392589625760311
0.6668437522927849
0.029426879079078778
0.6855129209255492
0.6587913233740026
0.4472793990587399
0.6784820641131368
0.5813928911133408
0.006108764675757943
0.5893881703592235
0.787092130876133
0.0754401575665701
0.6422770789390945
0.6411654620146797
0.4438884130877649
0.8611816233179739
0.509764196030404
0.6031288194735073
0.6794808155874829
0.07797655277631124
0.8806197888057322
0.371414912450501
0.6039709113499294
0.7226960572421253
0.416017479118875
0.035802356391672605
0.028090731733789443
0.564474500389622
0.5587805583148445
0.633365101043476
0.1309450117049376
0.0925321994136752
0.1936588028887057
0.41753950658203853
0.7002264749528679
0.04125350410589243
0.4380492650353232
0.8141452088904281
0.40276345955396076
0.6271821558150358
0.3020360486733958
0.2220805826239001
0.6974894438852729
0.8059541201069573
0.6294109451999826