0.9771006599456619
0.2664354473658375
0.9335061180666914
0.164515664906999
0.5870582118888681
0.9903623494294259
0.5723900134586931
0.9942102372835555
0.847314835880389
0.35444622473203125
0.4774264764165159
0.6635523702362874
0.5086220661566275
0.38376092291402714
0.5727405172672767
0.630735614276774
0.621069860530647
0.895532774182021
0.2801301690418343
0.424454406393433
0.2657873657341355
0.5107352017154152
0.21660806559965265
0.25036554836550456
0.6870295200670844
0.33969991803857785
0.029983865522356358
0.5894825506854334
0.8083246239962341
0.8050218710915729
0.5912699406291809
0.9843500054398753
0.39754292956986353
0.31622899334979543
0.7472246403832958
0.4110235699595391
0.530155461910692
0.5360068463495161
0.516502132768946
0.484674469443555
0.32722652909293143
0.43452131993898174
0.5028544867240684
0.5032968626660433
0.11736695881759489
0.5351180389706538
0.963224830504382
0.27292117470098
0.24598950013695386
0.4763958441376015
0.8134748572557385
0.028772430114713518
0.5125445072509397
0.16137763753742185
0.07253343799269074
0.031354137205701335
0.03180333136684681
0.629434017780191
0.5928318373039153
0.05542963315287563
0.09324225391998908
0.7778770084882206
0.3448738076940258
0.8153876040583138
0.38653455556745775
0.5511762287063994
0.8296530643567682
0.016365283154954408
0.19082629479475285
0.6960355832733954
0.8613264559280631
0.059381122906690384
0.6613989744946026
0.6845506183926796
0.09820620006122326
0.41874395713432927
0.5306557214473409
0.39760211498792575
0.805028702106283
0.8947002755518935
0.5377699405922344
0.6575506806385432
0.15740930574410072
0.4496266849681222
0.7748529939691393
0.5371331986807526
0.5790146164010369
0.009034558621437599
0.9038479537169201
0.45881593163210127
0.5718063322912579
0.4208379802481287
0.5986889846205646
0.784862533394674
0.04038582016638061
0.40085252322336085
0.07936010485859087
0.47663152568136796
0.5576740125336576
0.6831974809366228
0.5192784373007354
0.9792967259203404
0.31715404931345004
0.7174226986366762
0.617772570773841
0.8424996788996338
0.1258974189467518
0.47811362389565065
0.7641690588953407
0.9871992016228719
0.6321707473491583
0.8955423590437016
0.5902843462483027
0.5375718763994503
0.7464481061885468
0.568827548887636
0.44051990641806243
0.5381703337451635
0.8720967546827051
0.43997498984585165
0.6709151306124435
0.5317633884889499
0.078412586680844
0.8645767197353491
0.9026854564893918
0.41783751688389753
0.42679382847493985
0.7166064389039223
0.4953663397281791
0.5381192983009865
0.5735346731931927
0.16844374520777533
0.5061139675331294
0.7811304404331201
0.46376959062210965
0.15146078918893943
0.07785484575562057
0.5236598820791141
0.9784852642218008
0.3989228302358195
0.2918017981415261
0.981154111543489
0.8199679409423735
0.41440342590012513
0.5353519957494626
0.6010624188183104
0.5041843119826903
0.21212927221233965
0.9071496728016293
0.39546363364885656
0.3821015054596819
0.2588748070064879
0.4806450363037038
0.5153021076825886
0.5967154335312961
0.5245448121616024
0.39224980381712815
0.4626842196668073
0.5935197005736256
0.7914895075619094
0.5734392887618535
0.05617128508103815
0.011996616686151497
0.21297076996438277
0.5529914301318676
0.4509054531315337
0.191745856882289
0.9057883746476466
0.6039421205796592
0.5426581116302782
0.7643178943779823
0.5894754744055333
0.09211514047803165
0.16224047934940514
0.39331442910390546
0.8005650338692096
0.8887557216583449
0.6236720242103677
0.5689696954324573
0.31665762181787716
0.3131918195868399
0.43803505336995596
0.023069008927613703
0.6854849234002401
0.2425138454292159
0.5480143916754553
0.3170632373149113
0.48431443083375675
0.5141840386236908
0.3084902025678046
0.21679605370450855
0.544217699442399
0.06763587036553989
0.3653784886306453
0.5125455799061351
0.24038751128868943
0.41067513062491795
0.09533529303775747
0.5263203856721315
0.17201744835967556
0.48549777118427134
0.9136666786996437
0.5201040575914263
0.5525397043052084
0.54973930090287
0.15470907837128578
0.34206168119709
0.8231405170646929
0.8786440515326872
0.773612449601223
0.9017196758359528
0.253616069595142
0.5347969266141762
0.29322321187642336
0.44568298021974717
0.0428453387691793
0.9695222704321295
0.5517783033390695
0.4241242343723654
0.55573222852551
0.7541305444307405
0.6802462493952534
0.419914375196334
0.17420805438946918
0.6659065791129832
0.3632796979460877
0.6070960972817225
0.14317966959670955
0.7308915669378919
0.5021491662661467
0.940208062674512
0.49196205977817137
0.40598025870544696
0.136213897858883
0.6026068538179193
0.9441603499975176
0.2520987023757218
0.7569756103202475
0.36818201264728034
0.47298147395833945
0.21326869482323085
0.43411825731251935
0.377344993247798
0.9586615745233636
0.24132932090506698
0.5331066089521739
0.42979719855097587
0.5880359878969529
0.7956589593248007
0.6006708435028271
0.9201497707516613
0.6740561126826147
0.7182195903310279
0.9021026913949141
0.0879082886225606
0.06990425936600246
0.6370542392590984
0.29755278281894404
0.43619496157107945
0.6948119091249046
0.9478635879434981
0.6068524632164828
0.07568499898926666
0.7600875963140507
0.46550627966687597
0.8720437663007357
0.498665515190892
0.6160181770196419
0.2017534511828194
0.9148786073778964
0.7996416470213976
0.8838795632606498
0.34339258246615967
0.6123536816338864
0.7469392398395236
0.95503093275375
0.7028974240052156
0.16757861058829832
0.6577890575033054
0.09573619458746593
0.6325094239813722
0.3895694303401523
0.7978685005110402
0.2935071060458278
0.1811421444519551
0.6266028340280154
0.4193441447660076
0.23853648190829913
0.6376823914623362
0.15567284128836453
0.18025741276261187
0.784618779503647
0.7749167923384462
0.5894851548076258
0.5868812341942514
0.07252642250171365
0.41499208983330665
0.27866726352757026
0.09335733626517305
0.26143144236489574
0.417086304100202
0.16222953326517942
0.6829780893005272
0.6137677351387746
0.10663210350909429
0.6461327471195238
0.9944819902342229
0.262989787848769
0.5695723438276529
0.4638224264138164
0.15027189865180246
0.9458172689647976
0.37569040249955643
0.838490462333467
0.4164654495403773
0.5592199639111701
0.2045316142237501
0.007354738785127305
0.9834644653481313
0.14205071614869433
0.20131180561043377
0.6709901932766639
0.6502501494145092
0.47045103133010063
0.4170787162181403
0.31335318789598965
0.028942175781885928
0.5786421111813774
0.49830534997951414
0.11292750420052976
0.05414910946870004
0.5063367366317315
0.38590778010187793
0.47914335375501
0.7069996705129178
0.24421259013420296
0.8916217332811265
0.23796334167873018
0.5663868939494334
0.6679016296065969
0.668784073918618
0.6628745205780469
0.3095681021953095
0.5734344258449242
0.30833903172574123
0.2606066125408444
0.08245821249853576
0.2725140006880979
0.9186740189373266
0.6325501005853423
0.29847680975079716
0.7771282959221437
0.7183844709445364
0.08120506333864289
0.30796511981964825
0.8464412700459981
0.5176342052428313
0.31128300178340423
0.4261678354148255
0.6100196136294443
0.022253697376802543
0.8151755463720257
0.13158688185110867
0.3484550317338263
0.8963670883708418
0.6794068303221712
0.5288569137703495
0.29331950058983286
0.8122256861846898
0.048596571067909544
0.38222924704465805
0.9280583422639926
0.5642944012718915
0.9972998958927184
0.5492130774720962
0.519890604231236
0.8637262934974069
0.877756921465003
0.7576121010046762
0.21431019226356166
0.5494333078059965
0.45634646100579407
0.8479969612076341
0.8098368102786552
0.693217559031646
0.6662489430918943
0.46479928060108117
0.9735365481230662
0.37921892389773876
0.6607386044697738
0.4466330989595375
0.4429821212999439
0.20842751822347735
0.7243459303349103
0.5784122561852981
0.21897395065820166
0.6257015332437708
0.20839295977694447
0.5955852702718792
0.18550903487416406
0.15866437916720127
0.4577131750586138
0.7689089308157225
0.8254809902821071
0.4063688101809279
0.8222081812962475
0.7431502527594711
0.5528090642240248
0.5062610392465579
0.9580799666406173
0.5275249291381225
0.3776502274633104
0.5403531234660612
0.25250046382990227
0.5366553717488994
0.054380448502844826
0.4254612189245207
0.25508329285416326
0.8262721405577393
0.31591846933002954
0.9172669631632809
0.19578124637904123
0.3808724894970105
0.4767106804522227
0.5151625239180854
0.5546077200415606
0.7467850036536482
0.2526846676598901
0.7066636440690126
0.17389512627935202
0.5078670828949933
0.31182017781969373
0.6938368854796355
0.7284842109449382
0.6666831580238274
0.8053544491531034
0.41250338780775997
0.044482794476861764
0.8615044100760867
0.5305972947611756
0.5697803144119699
0.505114088121017
0.6915560164045825
0.46898931760139606
0.9457500475992018
0.9078184062929038
0.47239804725153195
0.3938688195316956
0.1239208908018589
0.009892153592606121
0.16247572209885502
0.909672796629324
0.32963029271516514
0.5896233198283344
0.15969060920288708
0.9380310861064373
0.5632551738037294
0.178103921449656
0.4478071208651429
0.43356686821064744
0.3064289263749003
0.4859881271139114
0.8293613384673325
0.2532972199667892
0.3728036886980516
0.4836666390509438
0.6572648869390662
0.3680704489369906
0.17705826380632209
0.5525110004406114
0.3607286400036756
0.8039535637910995
0.6400819964457767
0.26682361422521045
0.326262677703109
0.1395472844700492
0.5359303999150749
0.1523391658372041
0.23039477617539447
0.6786088174008449
0.35654220429803984
0.3708959299592141
0.4278174993827151
0.7843083058371348
0.1996380077698328
0.20444331434960109
0.41936172279650163
0.02942510528389506
0.09185941198842977
0.13604413199878576
0.11555765327970033
0.3769678035570376
0.37726929323785807
0.9027211050981628
0.1898125126808009
0.6084259787329247
0.5231294450156576
0.8602503816662218
0.5096156189817653
0.6253637730741817
0.7010118245282501
0.889193020935498
0.48967962357519934
0.45726032088322616
0.8555778172775482
0.550282404068113
0.005375448388026934
0.5144992620477904
0.829423187668754
0.7594190180841975
0.028538979479606985
0.3542456568283587
0.7298337900295707
0.7479023259509033
0.8588366314253878
0.4376329875767887
0.29391504104080696
0.7390146947821852
0.9374126478111595
0.38273169334301416
0.5622622490569134
0.5236088355760823
0.5847022825361387
0.8331562899072525
0.6515111790258334
0.5123446363797565
0.704199699935641
0.4105979503043282
0.8175336438877253
0.7331945171205565
0.8889776403986568
0.7724968279689514
0.7805740808007262
0.6857966057618327
0.6779857521171191
0.707487467300897
0.32105151920820607
0.2534798582122843
0.8454386552995194
0.2827431801185004
0.4605516101094382
0.8119396952807666
0.6429035670740273
0.21028634405186528
0.4088182360498346
0.9230404563543484
0.7525048670694432
0.7021519010536412
0.14722544585073633
0.8732396596106295
0.33667422518138446
0.26795945979229346
0.12633041212801388
0.45399854731152184
0.4110342554240107
0.710338953825024
0.25260534779779514
0.7489523641060236
0.8942727995687798
0.6692224462786535
0.5632826278034805
0.6958103478872557
0.014744978120178612
0.3521978945040152
0.6804063433586167
0.6131232535208669
0.20281022955470926
0.5815682931011579
0.2762619547126263
0.8576178517212987
0.527643051285219
0.5008507640401626
0.9206214409677057
0.5188731742766541
0.4749747539175864
0.18543597884008803
0.7926434873501386
0.07252428881226762
0.6234714357429748
0.4240666363681367
0.5238841474191327
0.8619339027909693
0.6430344819329304
0.8373368309022567
0.5580640584206398
0.4268546032110691
0.5990331926011186
0.486951756504154
0.6100107450571971
0.5207915359437869
0.20052741436292237
0.9204697044626351
0.09151821974421817
0.414449982172412
0.3763907290709687
0.8481597639964109
0.3605331601809708
0.34110481116238234
0.5485651342338205
0.5733133102514907
0.684797187455004
0.3122305606420534
0.7132174676091787
0.6177164507370182
0.6873333082150825
0.6409919557285575
0.9891891088375769
0.577764686432443
0.4471624392073354
0.594038190389998
0.11265670468483432
0.36060112196139155
0.6103374539040102
0.07921409808403759
0.6622585719879962
0.6129988385266503
0.41282535487309757
0.502152250279202
0.39497965905495136
0.2322562845822015
0.37127558019886053
0.5193318245054481
0.6239536769406892
0.6776826859628609
0.049887089683885034
0.616626181070448
0.9224606546547572
0.29085168894167346
0.7338885268827189
0.023701738090782735
0.6521425078344975
0.8102648423377401
0.2968680679988109
0.3705940647863928
0.5689247326633575
0.4648411815831045
0.3814378551831599
0.8112673735268534
0.20550628026794393
0.8134986409314359
0.5179726156427525
0.3074051192537998
0.6070434053002447
0.9740382910298331
0.1272198958532688
0.06672972881774901
0.027321049462848843
0.7175609383071886
0.8043114606781472
0.3606801891751974
0.48270915209322995
0.43292161584385186
0.9377502135416166
0.380093333558926
0.4853634912545514
0.7191986953583676
0.08590120213647108
0.24912563051688383
0.5163805576477799
0.7467547893722546
0.4192256517084862
0.33080137772551965
0.4178852340113229
0.5369720376640601
0.27476130601978754
0.5903879708915958
0.01064744559725915
0.7321441853013522
0.11785931525571411
0.6808015038455607
0.6778342158380627
0.3899154524727331
0.38468456595181894
0.6647535697666452
0.05499188049376554
0.3669447696608686
0.29968694959632514
0.13179020324608393
0.26016292051144657
0.23992559539659356
0.7343584270979725
0.4186579872534087
0.3477265133460184
0.3476133356004384
0.2365761227481846
0.6926655952474299
0.26973166864182513
0.6399277856212565
0.038073724917896616
0.011621224517652308
0.01217832755120884
0.48251830510565374
0.345448537105363
0.5052162042265093
0.4172204325278329
0.4830239357178009
0.32015876240908203
0.9002475139510113
0.6509688387692857
0.11356881811975299
0.06328134446685113
0.04511889792569719
0.4264565323828392
0.41445432881926103
0.2891681873065145
0.3298331381906334
0.16047510943640625
0.37936247651955246
0.4705034158060111
0.8763148508120024
0.07493730473401145
0.28779136245261194
0.5204464331546903
0.6100751982954171
0.37337150009610315
0.144031811336456
0.09323943691481279
0.3693090531198164
0.5733886623391325
0.7523413082908234
0.7278776354675711
0.8788715966495314
0.3467441242207225
0.645655847946326
0.7244573822251063
0.4761784745942082
0.1697506694121472
0.9914373297121216
0.47255871730002685
0.5461429337678311
0.43051811240114257
0.305873638104123
0.8441361639648963
0.06602686347260019
0.4175371029976983
0.5738867061092616
0.5762982949289098
0.4889685080631091
0.03878164973432177
0.7887645232309715
0.6402408243879136
0.16680766979299086
0.5988765059141954
0.9559739460988942
0.9014500239916395
0.31169544018443723
0.6461246816107266
0.791706895840263
0.653900303315464
0.5518624384786103
0.7165101036614102
0.5525500256321374
0.5834987793548172
0.11381334966417721
0.12222736283178819
0.16080470828240587
0.9597920522929758
0.6946170945257479
0.5132481897262735
0.6707049074403196
0.5428842063353594
0.5579416999885949
0.8171214897429757
0.8593795704940199
0.6021742417234763
0.8973953217010738
0.5780000341471854
0.847137829650274
0.577718087206844
0.5808546447015477
0.6416980554597336
0.5605927356496376
0.22803962826470986
0.3772735708743621
0.15881092915170952
0.522142413612519
0.31316616434620476
0.19875667042160383
0.1826746023043316
0.8446586968732402
0.6885108387094353
0.1973688845282356
0.8854902451797463
0.624878240620132
0.819272031945879
0.28923105825931644
0.47102508533714327
0.16094457225995717
0.08890470109917181
0.16448103294031322
0.8600333907283527
0.8485060820296123
0.5941897287854002
0.7424788767866056
0.7741994073105959
0.24830305109193013
0.08421280615859969
0.503146823181017
0.5170680347798547
0.9040129377337317
0.4630647687028834
0.8488928949480693
0.2150871159995153
0.5744053072492152
0.5598913866964682
0.1656400828775908
0.10632947406723514
0.8952755103134757
0.7123750206328218
0.1804917125419588
0.15250437155630522
0.18686837575113083
0.24831531946533936
0.6243280928365221
0.3774393185598987
0.5381654521099859
0.430760519348191
0.6542003516281107
0.42014886187199535
0.47450795158838177
0.8911949382823221
0.43652418308894664
0.17801149435227115
0.12515313647618878
0.13784448631584428
0.10980403841017783
0.7501469023201163
0.41212703356753383
0.7959594880902586
0.45863916632407603
0.4940741842421085
0.7344487705330054
0.4787125390743895
0.5276588294987253
0.40161793446431415
0.3564955415288806
0.32109480213334746
0.5499780836977792
0.6234883611541284
0.7245509255998278
0.14064457235047995
0.3762854583044531
0.6276156273711114
0.7263579891778189
0.01692965954407152
0.7285233276493526
0.4645923104258926
0.7666635749471371
0.9852530486927505
0.40029298619443826
0.795400895011408
0.009643464754831039
0.12068572967314956
0.47991215573456025
0.5165883445569323
0.5407802195110786
0.4573784540637283
0.41553519658166077
0.28385531856239765
0.6041595456700197
0.42427538033490986
0.26893975087862226
0.48212142433553323
0.29835454521727356
0.7079436595218839
0.7210825715565425
0.34847764198303394
0.6488742539396684
0.45925331270971825
0.6818424102396768
0.7044174952030975
0.757655528976264
0.2645970027505944
0.15641154072180669
0.7762861785248717
0.36504010340268
0.4115083952276721
0.4911135626990344
0.21639977624851936
0.7444292108399344
0.43974769976292344
0.6277206571864143
0.5418321669819781
0.8321498540601686
0.06415190257038617
0.09120282491564952
0.4989167885620055
0.4487104462129787
0.6159672745139303
0.15523857191156917
0.5101308530394787
0.474573318186457
0.1966067847004336
0.7786913716477465
0.1041950171313433
0.11455565147975888
0.40628441907305485
0.4242873024984999
0.7059654376330562
0.011400675204483318
0.11016676286331412
0.5087616558038599
0.2738745321509755
0.683920808039197
0.6666956662491091
0.25334102679252973
0.46418694639230595
0.5161790282892943
0.7183355268254037
0.5394378999522823
0.46730997631749627
0.6372184923125997
0.23806200862978966
0.912632344819698
0.6839740946982974
0.7498825512690702
0.4032096858739666
0.8771061623882839
0.9286959910390912
0.5666554240186391
0.6942353088123302
0.7039246960202417
0.12685197884691712
0.2817419229441289
0.4959354422897878
0.09036057108351198
0.1829596858781093
0.6735840035844696
0.4851627766253695
0.09786107377187542
0.9849431006638132
0.402147732178101
0.1274394024754754
0.6116587570752055
0.9072322272476269
0.6658543057079657
0.9222908521658579
0.2019825273267251
0.4631124297789894
0.6144099564699613
0.37335253427391824
0.5224038095299222
0.555036487147195
0.3222202843306918
0.12631150599189236
0.2722938079167674
0.02055745239828538
0.5468146062436039
0.6917176318043442
0.32100331158891154
0.836450138516388
0.12271282273098058
0.7412791737003377
0.19333367985250452
0.6101276391733019
0.255980160953892
0.26675590447184516
0.1342903945000562
0.2880805987991306
0.5576537662074869
0.7640065305570349
0.292022499419693
0.5047434074676294
0.41542797228918443
0.013156146828248115
0.3753730350585122
0.24642340795065742
0.8122216562330836
0.1726348178569905
0.7509249245063178
0.8775786729202224
0.5037689424008241
0.5311825303811222
0.921667337169361
0.9933903898517052
0.3189131636481574
0.3396254106773779
0.8949083009898777
0.8030605008699996
0.5267298544141195
0.8151169003294747
0.20612567285742572
0.4420280459912913
0.7302277590805554
0.5781264783740616
0.19981115819859335
0.8993726293496679
0.8855464104567651
0.7438684490100672
0.9494644455830059
0.8817966689579319
0.691410547202631
0.5906050666726694
0.9222534834420548
0.30221354791772725
0.30165123735823357
0.1993172184141962
0.6709466361837868
0.8263052762279492
0.3521394991141887