0.3911010474603238
0.949416538321379
0.6534860736229668
0.6372455161558307
0.7698723569867307
0.4210579095179157
0.5012476492643927
0.42396317697323793
0.3337578061556524
0.9140445829651944
0.6385677259502497
0.8132101935940717
0.03350127581498075
0.015429542095804867
0.5663957902257143
0.7690022946096563
0.09051788288834237
0.6168495017967437
0.11596954977001937
0.5182062308579273
0.24053049348659872
0.1726689074675519
0.21578436457946826
0.2077583073459606
0.40096442518897935
0.6973992569873757
0.4852641986205771
0.7840652202837418
0.13379954621476756
0.9071477748734407
0.911735667424693
0.5579834671985033
0.045028839736147686
0.7739908845846912
0.06892052965634891
0.14473496600173327
0.35425384294127205
0.4695643995923895
0.1447410679888091
0.5436947033590177
0.04257098692571757
0.5658082613007946
0.4206706338836687
0.8874588669541091
0.6448380366973507
0.5408935292672217
0.6134583388941383
0.37238942421520294
0.6139311001344165
0.08958255439615716
0.13868911651640728
0.5206391823917882
0.5505640030185103
0.4248941137781917
0.4686733949127949
0.4286120386898354
0.7239966982003908
0.7173297193240389
0.027465871249540807
0.36385685756471114
0.3212339599631632
0.10593712161177636
0.6082331093074038
0.14403409356306918
0.503391101129723
0.6303519247644953
0.6868019411787888
0.5467301976104904
0.8408705760689928
0.1779675490174386
0.7444693618253744
0.4500735661540109
0.8791347544387136
0.3186820725315866
0.5548990582890719
0.5410201530815717
0.3621902920757896
0.03613303648415734
0.6348295561965465
0.18345673041484903
0.2780350663194406
0.6964603923792512
0.26893843517436516
0.9948437856016046
0.41098680383017766
0.7148684251794943
0.3758228464380634
0.4414646486445529
0.20793197478877506
0.5215075032226906
0.327414664052319
0.4475134551180333
0.49124047773459784
0.9065846127154907
0.4245531764173119
0.6764843597099524
0.5985613438529728
0.3830393807536862
0.3571674414651317
0.07285521118041305
0.5352715532391954
0.582982273711353
0.02437111129922656
0.5676901569900319
0.031658945998070426
0.6016545781963115
0.32549019366708726
0.44031489846315913
0.4040179925948231
0.30965071591152155
0.8014020351002646
0.6720000278365035
0.21367151754852973
0.24958078766807115
0.5857535569421922
0.9914899707722612
0.40748691919870605
0.34608671319139866
0.21152897132941983
0.28404914190719843
0.05472983159050824
0.5644940346616352
0.7794595949954505
0.2829279526993606
0.6519973451108558
0.8895213927891437
0.5664071282103745
0.14836297480306274
0.5567694146299971
0.8040562171098807
0.3251404378465575
0.31997185685478513
0.14481401623088724
0.11185277967409808
0.6753148388721208
0.2459537395187133
0.5508764521919556
0.47813518577939307
0.6255401387986733
0.5915471721960711
0.1991651676406118
0.4292786477599674
0.5451720469750004
0.660324634973121
0.05463751871492302
0.10390688041330316
0.4748362172637811
0.10457684998675924
0.5598741684755586
0.7987398964530839
0.737193263265107
0.4083617794671421
0.5775202516268111
0.8912099002150949
0.5021398726831238
0.7983687564335171
0.011112713305469073
0.4098379304844198
0.13275369359360134
0.697743798525591
0.6501600138734572
0.44585625419304725
0.4682803439704389
0.8697952611276344
0.5006313288550035
0.5862640709814397
0.293916367901535
0.2529959413942462
0.2994839413497506
0.4745590792506001
0.19949196170794858
0.5543794902050525
0.5683766587803317
0.6145670287620962
0.24255263768543106
0.7293077394816921
0.3701276808077584
0.9790946367210976
0.17978647401134443
0.4278251258260689
0.9887294956236242
0.473213600427215
0.43613351783873283
0.07765416902338812
0.9183010644517878
0.1965785174265842
0.25042322805562567
0.692173512671794
0.42475593813748797
0.585822599942102
0.656881987705219
0.9594837177670735
0.7294228827463362
0.7306374442734307
0.9920669473052084
0.2165941919080634
0.6018517255343165
0.255570954805448
0.6500816767146996
0.8505505940579715
0.4909478282837447
0.2636188591211065
0.5534002352858858
0.5466521126040743
0.8758522079709227
0.5307401823120758
0.04766586105393124
0.48544403261480884
0.515107060728911
0.5719541541438458
0.7072624076779116
0.8894623822637033
0.6106651499165922
0.39568232336704556
0.4613824820959421
0.5485792598589339
0.443515819212513
0.01212112740410421
0.38420050517212295
0.2778353516971492
0.3406704572856057
0.35039646834645755
0.4946926041054815
0.31877784703936946
0.18740448182046732
0.37367772237317004
0.03135390005727271
0.29462200907630814
0.6040259076164854
0.3835829969037209
0.5094741244806583
0.5219496998090517
0.6639520343176508
0.7527088255143266
0.3511538607263722
0.6718402631059631
0.6712860432765047
0.16992069646973465
0.5522664754923822
0.19074114834091704
0.791368437393171
0.5774354918228107
0.36166387532602395
0.6155813329902217
0.872304659413162
0.6566635637799967
0.9494222918794564
0.30176305207491655
0.07968463555904788
0.31198268572162074
0.7132374294914858
0.8950602870449063
0.3900253134642574
0.533391468018017
0.7883108355552052
0.3751698583364499
0.5562479037494191
0.6008600569134809
0.9578076301259455
0.07896625412439702
0.3929600029354865
0.5241378148220337
0.6888641781211422
0.6169832954532595
0.11012951602725013
0.6709319762773602
0.5093935023598614
0.23312041017531268
0.8461142277377878
0.4708047099088284
0.14291577934234725
0.40525306957882534
0.4849013313315151
0.9563079309190134
0.8018890816132597
0.6437556488301389
0.724655192337029
0.08526477536603569
0.038904997801354854
0.5223185229662262
0.5929049175016029
0.878100680858363
0.11642280001397828
0.04300727853665605
0.30620722308664333
0.1862132702218889
0.034103566537118074
0.6715224737499685
0.667585332415466
0.26963647004047847
0.8791287244026258
0.42293887020391974
0.5699134734594632
0.777639378093851
0.9517380451534426
0.7398394899713651
0.4779061876329547
0.7507782993971673
0.28320127009571316
0.8036148359001408
0.0017369106503122935
0.33503878458236436
0.46297296261117604
0.4538589787649879
0.3559825577385474
0.4863080988155628
0.5830305010946046
0.5197972310981687
0.9945857698805189
0.53633420752739
0.6882735984740086
0.4486798961345101
0.6528629915571681
0.5438267397098344
0.621413359863403
0.46042794146519217
0.40008403275185134
0.5501133752934266
0.49877065045336433
0.49512006906062017
0.8371331591076387
0.8727574740740345
0.6003892703411632
0.4860418373065377
0.828941447615134
0.22203413741467937
0.47073249513875104
0.35942508289699815
0.4506954672269644
0.7295032613757169
0.6408010004502065
0.002677925008620158
0.5492922946512251
0.523733001548547
0.659657982970193
0.47998885009745607
0.20247375749239507
0.5563420516783949
0.02925416835281303
0.1517833073687141
0.584112411099383
0.17559289712595524
0.414222655272691
0.04127896528734671
0.6934984925563474
0.6080701853527157
0.6481465238107975
0.22953797112882
0.7608784977332638
0.6099873349952064
0.34403594497292916
0.5598988334532998
0.9577084396811891
0.6321090735550982
0.8704247012474485
0.691445420489263
0.5134196881165951
0.9544499540206214
0.563769669226224
0.03848053723314082
0.5869523312920217
0.6298544189395802
0.1607109233524767
0.8390449120777626
0.6429635916459844
0.22669040435195195
0.4857691308146626
0.05033176617081277
0.36683317553661654
0.22394630999052476
0.1182776641061729
0.2588311421713683
0.25154676715336827
0.47994166799942495
0.488218036483317
0.519011287410822
0.24764430454847072
0.8223850378359823
0.8088978161010363
0.20447903531920336
0.8098150914816667
0.03701659781835594
0.16535801726748398
0.3635495258427277
0.9694028205068091
0.4217250590848955
0.010610782623175012
0.5562361197385534
0.4796186244717079
0.9843328881680268
0.47070332399696246
0.8438848963739461
0.8616709723190761
0.7403586417351534
0.5880090950533552
0.06615542919707516
0.42763785462745063
0.551239497199551
0.5943085915851624
0.9145361379857567
0.615502808772272
0.5877373091191627
0.36261545920319943
0.44905604254173004
0.3226596378999005
0.13518555999504714
0.749116592932668
0.6348936474220767
0.0016328198726453863
0.6832580293014189
0.6659897380082773
0.2222812802918961
0.04071247401332308
0.6078457348721306
0.0013205668536736843
0.35563017774281785
0.46508103822880903
0.6840409276094988
0.6252660493511368
0.216166694651759
0.4980865633316631
0.5196907792056811
0.48933911992251655
0.48697499393218074
0.13847375913073917
0.19995967163097064
0.08559124038293334
0.2682212961022543
0.038639134776614376
0.16853831918022844
0.997067905782424
0.403313866979415
0.5736654190434523
0.8652837238572881
0.3146242171547275
0.29735140651011965
0.19855352073403673
0.6661558625597345
0.3565265614025054
0.1595912338334375
0.4449037607674985
0.36039871956425046
0.039939020061903446
0.4635919246316832
0.5093032860632689
0.8156604553120061
0.4161886388541247
0.4211626523569026
0.39294031965794246
0.5182905737533605
0.8034355522447771
0.6365264810662964
0.7739137248722857
0.5035105121027844
0.2313560138256539
0.4578267998951159
0.6494700224285852
0.1966861688956964
0.43837104936243004
0.3878450196181985
0.608176625931524
0.5280970973572181
0.3066693426060319
0.10505957782353867
0.20369835135534312
0.01162647894741811
0.373794268170156
0.44849750243620307
0.2713699203075219
0.943561827386993
0.27560918400558354
0.7594132671664773
0.9686738638376081
0.0861361446018941
0.40894884408267546
0.29407228308702654
0.47567458093372694
0.48780396124943437
0.3222043537959067
0.4827772562439948
0.9758047033201019
0.0654045343335889
0.5845183536363392
0.22287541886562243
0.4969421792017238
0.861755149914755
0.49214665125189194
0.5513473375457553
0.20304640667410268
0.4114913261815838
0.6668233983717323
0.8095353494382969
0.4771779113064968
0.46095811761887023
0.13247148056687963
0.4178337004477095
0.7483289987547119
0.5075286889716386
0.40074590027314283
0.07496515142068937
0.9561401116103336
0.6806634182160772
0.1904755001223434
0.43751514566863353
0.21666235620852872
0.5663468672136255
0.5324607187556047
0.8544038589357031
0.40947650892360693
0.6077667394525913
0.6418445131251259
0.8554006298776524
0.1763500786537412
0.6709645709447214
0.6311158599589336
0.7005219631878151
0.6525380941172437
0.13909165434308762
0.4001508612831513
0.9699749779821272
0.043931101285447575
0.6654254821404021
0.9654630358030456
0.5891537164824358
0.7846512011795359
0.27138179383078653
0.08987507903740266
0.03428043161431768
0.6317827115309947
0.27292371237243684
0.491979199354537
0.6186854335058694
0.3588780897421119
0.304838804863328
0.23795783285527117
0.41238429068776616
0.39499273958919867
0.5242006280833291
0.5575124788404837
0.07166227667991915
0.4753065860089658
0.7185773643800548
0.9452548640629432
0.5476250117442416
0.9225104392204967
0.8537587776022703
0.8945681342650187
0.44013469842298725
0.5307037389803142
0.19943855110274222
0.8918185655190053
0.732714553719523
0.7843389207382843
0.09701790358414103
0.766877143226162
0.9010407870902123
0.4812253933931743
0.1019979919015362
0.3417284271623776
0.022598773597587978
0.43903073849146124
0.5164063456844552
0.6263576196739297
0.273203241141223
0.9745088367731076
0.7632202744134778
0.0966104338454535
0.44292419593771465
0.15770439152990026
0.27306050023810613
0.5174244307938142
0.7755992473970083
0.2221519777817246
0.8001165242523691
0.49099072735191324
0.3112483627565428
0.7864998063132552
0.3822768191706549
0.6183808942041157
0.5188726714419649
0.7335101102636561
0.34975555174987927
0.6678242178062548
0.6573247075419123
0.5674982116824957
0.8390159349610109
0.47373458290624565
0.45374006454058113
0.4802035632135504
0.49545107331224786
0.880156067500417
0.2673926156718693
0.22346774733470165
0.48006963812553277
0.9608977084668662
0.2296792943136943
0.7581336752842024
0.7646601640142934
0.6427423160246909
0.664369095708416
0.30990528439579107
0.6401305309113429
0.8415702205616196
0.8272655364835837
0.9085885339570876
0.10643741568903761
0.5248952175293267
0.0615088331892856
0.4343963674896847
0.5989888763557908
0.2720342697478919
0.4813157470248349
0.13680229705378963
0.5131440102810133
0.5193365083521503
0.07272089451965423
0.8765454891414802
0.7075301105175089
0.8196889070492308
0.9222661972828354
0.5135813772356395
0.49342778008135424
0.3690742829596679
0.5510428356795474
0.2755665597198076
0.8099056005470613
0.40708166574532717
0.22676613667514206
0.1288919640249132
0.6036758494540728
0.407386532514923
0.4947699502569432
0.16187014216964343
0.49236457238097703
0.025913797580463336
0.519019844383965
0.9922835658579253
0.4820301079814908
0.550519303275709
0.12400507577240569
0.5969379611623554
0.4769717712380647
0.2170598198916658
0.3515212195938189
0.8122106768573402
0.6585527317261307
0.2902910423574045
0.48311813925922875
0.43230271744414583
0.6964071602248344
0.47863606870099035
0.02703963490999326
0.3939581658027456
0.8586025697596636
0.1540926973471392
0.8701712775586339
0.5809760541878015
0.22580249831325122
0.00710965109121352
0.3404354929902131
0.9951043134516994
0.32973132978216485
0.34516150295067116
0.4954353375599925
0.8370816316260508
0.6996987329583109
0.41171476729831014
0.3975021606539993
0.22921143003599304
0.21709836594493126
0.3644016405739706
0.5506678132785419
0.9968679705960257
0.8262587209777827
0.7598807287533292
0.41492412887504365
0.5886349325114174
0.42775905779873435
0.05101921161566194
0.13357437337211628
0.3188448929851063
0.3019229189856818
0.8894609841557111
0.8408105774205816
0.5512669535178482
0.13660461274868413
0.32219227636978887
0.9570133060166028
0.5222387025463652
0.5269671658890313
0.3836964320600721
0.5190088362364349
0.342016364513878
0.9224729257319102
0.5710698458751232
0.05939195946917722
0.6609040456109527
0.203620565692578
0.7572638603163637
0.3434318150940302
0.5627345986934473
0.3276688838463284
0.8633850276604984
0.8703379597167185
0.9274286254484299
0.28269910639008966
0.7139283567190956
0.7123321886757688
0.43332923041450283
0.23502208268109728
0.32304401334259486
0.8550263137166474
0.4568018682479103
0.4419237144226878
0.5359567674630801
0.2743952530164016
0.27723080896592395
0.3512276633628559
0.16229616558708207
0.926066028575784
0.24544158392043686
0.7086906106684481
0.8765977755431654
0.06328081517917623
0.3579401171964422
0.39844286205154844
0.18591007588208336
0.4247736653563966
0.9979631183095171
0.7615404766133784
0.4465595707797886
0.4586050349450247
0.3496375206813947
0.500288232686376
0.4814801301744999
0.2215522145671366
0.29152912143167636
0.9468471958391887
0.31987172598609087
0.3755079505991325
0.8173474783291995
0.13155547497406608
0.7934867230892012
0.6562923856007629
0.6769293296412372
0.4951645384049276
0.6139590229318701
0.8975124305871376
0.440574559258131
0.537236147200448
0.3164723436018596
0.2640950993105239
0.2660007443965993
0.7525326177312373
0.718031810187671
0.5052407127961809
0.4503304189844829
0.4814091351742195
0.007182585676852312
0.6970908076893735
0.4671239751634881
0.5811950903591487
0.9113841375700238
0.4763763711331197
0.27296108711103156
0.8284762333107757
0.9058476382321871
0.7066482138760178
0.5354741415951911
0.46700987942385364
0.8392023015247322
0.45383398988250756
0.8627535393496221
0.022539162828465596
0.25177684414006624
0.9877277997147609
0.7489304775394238
0.8468325098143179
0.7163861477519348
0.7518526068304747
0.36878028311941546
0.20745170638082566
0.7813678617236358
0.8711574407253313
0.29388328543568
0.35806018026152486
0.6318538967916981
0.8904568504775232
0.4438455906874513
0.6299186771824506
0.824467389645744
0.4209599957454952
0.6149979360992239
0.5445957006475273
0.4407995150803766
0.6868397675094795
0.5596810914837252
0.7621406104133346
0.986269861068662
0.5124504919066797
0.5666844690224863
0.44010071416238455
0.1264082116740509
0.47299857926594735
0.3056524742669209
0.42009500020274676
0.3913322386627672
0.241720515068998
0.3493680467950597
0.9041622794632332
0.19746965664523866
0.4364111113754011
0.22007574531379623
0.2645321987150284
0.9547183069269404
0.49883041081777163
0.9375668483377436
0.4429431202024536
0.5393264456798972
0.7820224297197461
0.23509013943204854
0.7150317205262131
0.48704948926355374
0.5784390543317111
0.3986206663582645
0.638861811045805
0.9287163508954838
0.9727181246645114
0.8410440798540514
0.0360197626446721
0.010292489684303649
0.5430886380708465
0.1009789911145216
0.3797235748211573
0.06539673085114052
0.07838215350941495
0.07875283689491216
0.514732980923276
0.6406189008416165
0.18613025320513238
0.5559587078513805
0.9555499094837279
0.21493865308422994
0.6318942371972904
0.6664327243616621
0.04174321770455954
0.8683022277059812
0.09418118999950213
0.32953546697008473
0.20239927949637088
0.8552179268935006
0.46276004843270174
0.417828128279609
0.32569115237334667
0.5240260160292891
0.4467079111126302
0.7086872848074663
0.8523012631366546
0.19996413249129869
0.013319141323225382
0.46388305775674626
0.8057550400334461
0.9804879107234242
0.6171657879743805
0.9208611337981257
0.2544788170212444
0.7033080475081404
0.1117610681808259
0.17197357888461587
0.37775565448082815
0.30966679953869936
0.8965450305782202
0.3779605550788701
0.6774505190822891
0.8872431969839909
0.17573895085201333
0.9844582658200812
0.5014598457696284
0.603190900827795
0.7834642669230829
0.7850927845045448
0.31480995570868747
0.6388749891081235
0.819032273471337
0.5338251823513072
0.7074291937593332
0.0944190833471607
0.2966198867655288
0.5280046246861161
0.24766817045820588
0.6435587056331892
0.25062485092099895
0.12628402944152253
0.7769280697412518
0.8111434384206297
0.2957163476535615
0.9067456857930833
0.6299062790195649
0.9695661066204803
0.5408914128908702
0.6478364622047499
0.4825495751361768
0.4633359263947909
0.06451237471340643
0.421605470280138
0.08644671940994961
0.47390323422946834
0.21075951917661007
0.9278473993799219
0.5644022252419766
0.41818469446164863
0.027128371734945037
0.9400373079196829
0.5186120076945234
0.14986645298302728
0.2809070970589286
0.321825454347289
0.6647529646059125
0.2688532385989273
0.5156741260827736
0.05861675739716893
0.09570758009317903
0.19756589892949752
0.8906604460778066
0.45024797375591935
0.36294969630071283
0.57266243207092
0.48792693414424354
0.49086860691084755
0.5275484834115767
0.5933925487730388
0.9332857212846961
0.10910735222879213
0.6367432436590365
0.43962851197566255
0.03749163438366963
0.7517033069884727
0.8037997560889186
0.16936078635934224
0.22794102834861452
0.28211500534722284
0.1547225548854497
0.7457808457975226
0.3894779365508362
0.25659724697140446
0.34043375706043627
0.5137770176967341
0.05307160050332249
0.9473836426519854
0.2835806376157214
0.5267597436739949
0.541270137508121
0.5412374127102181
0.5053931628640944
0.9902759437661794
0.23090699409751678
0.5554613943636828
0.16855823359041072
0.2418432514362286
0.35481569271301444
0.8317397132246453
0.2557637716652083
0.40196934539789503
0.997408123555661
0.4752309291428644
0.2465142295462049
0.10126266462819358
0.2281238389354911
0.41630167945703994
0.6165356938654575
0.3266997909378077
0.2708132152535346
0.14758712607991778
0.3636412662969565
0.4378610518858028
0.12122899185414879
0.6957986801321107
0.20133448745936183
0.22763088088599479
0.6335521892841482
0.9461352799891686
0.9464859664681811
0.15996742049377682
0.4407433460082327
0.09822233294511837
0.6948393752497934
0.2555329193626734
0.8135256950735796
0.6352356329569745
0.45465996903998573
0.164939138962389
0.5958987813799038
0.17868823120891572
0.44054636337766895
0.23952790277025376
0.35967410678491707
0.11687728739302891
0.26528517561722353
0.6453834213337064
0.21887835670476408