0.35345555768471865
0.560429043916798
0.6996985867211353
0.7728913705270472
0.9175613552213597
0.47120600228033976
0.9974386816331948
0.42580936916635553
0.8626853763514847
0.7415958710419216
0.9752107838360716
0.8684280646561353
0.7013927693782587
0.4715949090217768
0.006990674875813535
0.08020901508825742
0.21551541888185183
0.6903881397918332
0.5440539233150201
0.9953764876282586
0.1187867792288417
0.8621095808087916
0.19541876858252294
0.8561985399928352
0.05947177843418608
0.9424807853829569
0.6353414532636027
0.8879005124636878
0.296292190808174
0.5913549510350902
0.2537447447758172
0.41709222978177546
0.5810396124659045
0.8712029217576828
0.5205287444380995
0.1580253066541328
0.9774804257750691
0.9977813383302125
0.15772193786090088
0.9966855127637934
0.226359216626684
0.9907644401124429
0.9464796249367388
0.7920310206697472
0.23000298989053386
0.9989568689045287
0.3953520398144433
0.9372135832997414
0.9167466933397092
0.21966442765036723
0.3332314516947932
0.28325688365903445
0.9947264717986132
0.8480156981542859
0.29432928409538317
0.7120368156862804
0.47235557366930164
0.9623811209423477
0.35857617065231356
0.6909460216152139
0.7576556883515406
0.5306309072933174
0.9870363346740582
0.495466194292041
0.9986258080041507
0.971714813625979
0.17628981069725042
0.5187012180223355
0.6580186538529007
0.8597644099209804
0.7621861197545307
0.6284621681358923
0.7892223747855162
0.9251486005444192
0.7034421719051055
0.9921851984398379
0.9830808141692651
0.3377328189083597
0.14927145277894097
0.5600761352863401
0.9329396026300911
0.9508737628151764
0.7520918400631263
0.5316330861241891
0.948193959626875
0.9540380323062391
0.9858617162168439
0.5523392025160376
0.5943767369720204
0.9937474852780832
0.9711730856951173
0.9992345651425694
0.9980341895902911
0.6334939845015428
0.6948813398271596
0.9481789071377479
0.22623161780814943
0.9752213436417926
0.9868265235471151
0.5121128360779513
0.9999057560653802
0.5811075989238772
0.5215141094338201
0.9326850905376479
0.5950822326821001
0.9076625321652904
0.2331956131892385
0.9927233521779152
0.9012924601787403
0.49014097501255205
0.13602219615873357
0.23388137964091024
0.07696355075105211
0.9128796212008087
0.8902662633565919
0.5532108705108896
0.9906124873891256
0.9852369654908907
0.501729323602926
0.9412546413222258
0.3859168795036996
0.020694952132423818
0.7167286699311727
0.314842657589213
0.21576578236422037
0.2275218306163366
0.9964566048054708
0.8161051871027224
0.9995931672191727
0.08359310581658122
0.9501327333665796
0.8472352023966523
0.15734634876885642
0.5397186895205454
0.9369116537885347
0.273714840067159
0.2577316839264436
0.9990216622704511
0.5850729659419064
0.9846940134057809
0.13979765780710493
0.6880834503251205
0.8592968136178787
0.9618779070726027
0.1895487695669757
0.8050384532995735
0.007123241599044381
0.43850086284002504
0.2775912426680726
0.9305655281262781
0.08396798727297723
0.042387333706541463
0.9853352092245968
0.18982677756807356
0.9971987739795283
0.8785279260836643
0.5303669399984607
0.9877109638808313
0.8082935804524608
0.8947764132796105
0.9668841091191873
0.3234832611844761
0.6557353797415106
0.7385904711176297
0.9998287419158695
0.9853047673226979
0.8195055982844442
0.34733314335403376
0.9374133057910747
0.9947998385201956
0.18919606130367625
0.9936543243347629
0.8089610875830057
0.837359314942877
0.08805922061921988
0.8041833516657776
0.272079262884891
0.3731561751700794
0.926270448722942
0.9433250755137264
0.37509911084444963
0.9929426911447187
0.6334545238591918
0.64139295322913
0.513336255042663
0.8725554539388285
0.8507247710476062
0.97708235897866
0.99406079512556
0.0658097669560224
0.9376179112290687
0.31063310325097326
0.5388447069527631
0.944625555120102
0.603556156643722
0.16071564359784343
0.9670341014018324
0.6662013041113137
0.9765102679421954
0.39443517971298614
0.9964547638581929
0.6517119560061083
0.9956278984359849
0.9952820965184377
0.7331219029366647
0.8473314519187173
0.2889234944352324
0.8730534515841456
0.7712641263616692
0.9223442236863526
0.7027299623212984
0.2996706914994377
0.9885941934511682
0.930724736027305
0.9998682089719481
0.30234897748290757
0.7085892963390913
0.6132915344430266
0.9758999963754451
0.9424387208144847
0.16708464110327434
0.9519663194024678
0.9997128477217895
0.8066130078992537
0.1112479514330095
0.0504715226738963
0.6561999858371507
0.8555049160758709
0.8992425084524818
0.9896341752143558
0.27578748911635387
0.9985820095528576
0.9609311907884265
0.3096082884607827
0.9731907036905336
0.4171415128065873
0.9271208252575719
0.8397878632710957
0.9892688820732293
0.8302908356725509
0.7812236760661827
0.007124819765040356
0.05110362573199967
0.3080259506201394
0.3211835839244792
0.9667500894320551
0.738036741796898
0.9594654602956714
0.7017240080766459
0.9438473034408883
0.3662036694755507
0.6646544657687011
0.9649569358566293
0.20895628599887836
0.4295285579135298
0.3733158127946982
0.9862996548925347
0.932914094242144
0.7232056666514212
0.3342707052887427
0.2832944840885371
0.9941885615304993
0.5705007951996778
0.8948138575447788
0.7985645462865807
0.3090793876920866
0.9997545459082858
0.10654706613737554
0.670480459725915
0.17822013802330286
0.5623124489357589
0.7691608672348409
0.9966608320994923
0.6123547877779287
0.8433097638855617
0.37216627930438934
0.09703224435161747
0.5991509497531297
0.4230849767057771
0.7060609998104816
0.9943612663762426
0.21794608941655755
0.6732209810865302
0.3882015684205849
0.8056452101373597
0.8835595177496446
0.6170012922242887
0.08628244614427925
0.9346405251058418
0.1933184788656628
0.438549301262981
0.9180124023182399
0.9498766092093588
0.21271583414592746
0.5012953220866212
0.7594853956469875
0.9973890911961009
0.8178300436417136
0.7363338648626095
0.13882109706955437
0.539658721922606
0.15496147921672176
0.9894238717030797
0.04964264431446042
0.7377022378455773
0.9982203539150143
0.5912439194073187
0.96790574027333
0.4354836876817954
0.9926037167156365
0.7847259258465362
0.7528232111215892
0.08280359398722843
0.12246023833024647
0.9793895601476741
0.9992157442192233
0.8979651084702944
0.5362156518500043
0.348611295969065
0.8068355804933567
0.3061186321341424
0.7718972332697078
0.9710161502074938
0.9997893967219165
0.8197910701483461
0.9002675782536539
0.3206432423620108
0.9826882523328017
0.9924506454418228
0.2567917156224253
0.2503048613429884
0.5853554534998834
0.970360184575492
0.999758087070409
0.9737777522681166
0.9641877632351972
0.4213980643141923
0.907136412048424
0.5627576930036882
0.741998125485785
0.945477845309916
0.8886117285242505
0.9656873074275462
0.6562535201218129
0.9518704206615459
0.8878855559217499
0.24703012278792608
0.1742626019347963
0.4116855533502742
0.9595231128372927
0.9049436355791017
0.9192735352771225
0.5660546981501796
0.389858755930581
0.8070932976653337
0.7805461970848198
0.9861650783505016
0.43528176150579534
0.9623888932656918
0.5029517698118763
0.3968608827204802
0.8658772450433782
0.43164492845922464
0.1972388633988961
0.7750452995050059
0.8822382891381685
0.9973174018989475
0.5312429670984748
0.821348958707188
0.42509481764555496
0.7673077628264353
0.42713146595249507
0.9194729186756778
0.5171525202698704
0.9960554711233484
0.9986785304834997
0.14369676586353688
0.5973842097244675
0.7585912109462524
0.8133080726834405
0.8937584957648629
0.3089305821742812
0.5139884121491093
0.16532528330153395
0.41854641804401016
0.9871432785484476
0.4143960781040104
0.5721451194098572
0.9994020497747753
0.4738694904393686
0.9981076503275479
0.821979352032447
0.5653383475638607
0.13978468451845846
0.969087553801535
0.4581496666929545
0.9621294886841099
0.8783310637718996
0.9909461750700599
0.3945515479807597
0.8382660117665963
0.9949569181275769
0.9395692766359058
0.8698690068845533
0.9707100261971753
0.3107102065280788
0.8557491107845163
0.03149039862517246
0.5310875748805444
0.7135558246771478
0.974249387676768
0.042134491188553336
0.37273433191792843
0.8701569323180466
0.499263571408963
0.30185074657065725
0.9998081782847537
0.8546944702275763
0.8431845923650009
0.8688551166919436
0.2087375372617809
0.9189347891413375
0.9929687441330663
0.997053936965148
0.834679105460578
0.07672777794997157
0.347909400436202
0.8620609664336334
0.6142749423526925
0.7287035948499831
0.5015907915830176
0.04833614597504646
0.9750146231649527
0.22091346194919856
0.9394908184756978
0.8320738659772943
0.9079703019926277
0.48458765576660306
0.20762669595538283
0.16817207726838973
0.9600236266035095
0.011886931047242144
0.45291261090551144
0.9900458465244785
0.6959418372881813
0.6277706244785167
0.9942006100025037
0.9917861442845726
0.8392278733418621
0.3380516757769776
0.7175767734517864
0.7989488953937554
0.924624206832348
0.9989381790382368
0.19305293015643418
0.7190761823435533
0.9726478785073368
0.6644462147147234
0.9958929875448632
0.9927616548827893
0.9323826292352081
0.9998684966435238
0.8777944908268339
0.2921671357910395
0.12050994719638361
0.5440565695421266
0.9737490077121662
0.9958117124018556
0.9066945216338855
0.2500190648335737
0.9414839610338666
0.20984217396443297
0.41372291928338106
0.6662707997305699
0.9651184664324314
0.7605247652659826
0.9976318427821865
0.8862020608339932
0.8831423071788581
0.9957035968617152
0.6303125967606826
0.7510841391907243
0.9846339357675362
0.7696709104321633
0.9331532593943842
0.45537165310966815
0.9862671038713914
0.3356429645442805
0.28190693537711564
0.8188287371201746
0.23030070989083737
0.8643155850946315
0.021888059010065533
0.22155607972859423
0.722558150564012
0.022713953152401115
0.9175963430724635
0.7398420488558286
0.9761023132618312
0.7300732902684366
0.3689612932116726
0.7920883205306101
0.8832698882471347
0.9988003423045713
0.4657783085947262
0.9906406625825498
0.40851749616371147
0.17760467083636422
0.8514299988265005
0.9376754741413338
0.47487558886350784
0.18985944622452905
0.8182201622442699
0.865631191088905
0.23635269949973203
0.956349495196699
0.8439446537402228
0.7842896018612322
0.8127459858069217
0.6242394332716535
0.6991413818180933
0.9761531696926853
0.2900541361910212
0.17805515378340442
0.8534883308433152
0.9507541557658122
0.6066761398228742
0.6844433943857444
0.8960221318991193
0.1398064810814943
0.2565326744181664
0.8922651604985492
0.8758372411039101
0.9527840780525043
0.8882320807539275
0.9332016271883677
0.9630178720439174
0.9551909818884159
0.17868854491926486
0.5446944033680842
0.9937181685702381
0.7396343442528699
0.35649042150487215
0.8729133037710927
0.7580981756501072
0.5299392030658221
0.3273996536216317
0.9140477956009211
0.8198282358076793
0.3752713983697122
0.23537802974510816
0.9007798140727681
0.41611662430949986
0.21638127775487007
0.9148503192280081
0.26759711627087546
0.08276598887589484
0.44024755870351734
0.778307855095146
0.4361271234601085
0.9899230070321987
0.03562058187477507
0.3851193163829376
0.8057302115034832
0.5311826328041884
0.957392664400245
0.4544365743558017
0.9820828006457923
0.22170612192324474
0.7006045060652233
0.9999207232026479
0.9309192226064726
0.6074934623832902
0.8629526327967704
0.9951941245590352
0.21501108635610294
0.7472119555309104
0.3164010129503664
0.9625848023857082
0.9943125744773915
0.9489070333065621
0.8028025433189414
0.03480705804778758
0.779943821969973
0.013561602339057392
0.8864028219345201
0.998953211147957
0.9971021107260005
0.9920410335444857
0.9995649713888555
0.6520014848714317
0.6607883027572161
0.5497663324653603
0.9712135235319617
0.6209972605773608
0.5940790086339115
0.0726904268400389
0.8385162407999173
0.9695225063993332
0.9610450603045557
0.9093078206470083
0.04841742369223228
0.7714322261359693
0.7940404675257106
0.27682806095340246
0.2136796820461802
0.6242360070129881
0.26960603849350745
0.01413405062058863
0.9764482053732121
0.7846544369967942
0.025836464999929386
0.83223087851145
0.7782675358797921
0.9732611424695585
0.3336428312385517
0.7984511882291182
0.9653525920945039
0.8516841755303631
0.4939044116635416
0.9897658259821405
0.9846976679809213
0.9735744601865582
0.9808884861016011
0.43028525350882757
0.8448178828833572
0.8497961303042625
0.828466734504026
0.7589999028409012
0.3693039279016686
0.9841649322791646
0.892782468539084
0.31070199177217056
0.990922597686742
0.35592671032446377
0.9931938776755099
0.4326591567084577
0.8709068388667548
0.11292645284209318
0.5898646873140178
0.9935967297302796
0.9113530674872283
0.10109739112383513
0.5032117977097679
0.7099336558507354
0.770193868521096
0.5014619173076719
0.9245970046836564
0.879598645683205
0.08346234453794542
0.9988997797777689
0.6368104789868735
0.5056177820427069
0.7981902867598254
0.15028119042940363
0.7633571847476404
0.7638620557424214
0.20128384049031084
0.5836585150197354
0.8287689430322812
0.54067907492442
0.08496900383997993
0.9751208649236801
0.9938519267060986
0.8647880855981764
0.9429386775019205
0.4715890865902185
0.9167187930330564
0.22350749493216887
0.12969546716867927
0.07011488950926978
0.980650089003924
0.5700283803330204
0.8122282288891339
0.6839526598138428
0.9812780538480286
0.9496489188634127
0.15681801873328965
0.6142480294409695
0.38913886552567084
0.9152360509096646
0.05298712340644714
0.7741538458479355
0.82356908223438
0.9648096471258585
0.19320002131770234
0.0923976449361104
0.3124863137040653
0.633827831654751
0.5371319153012664
0.5976680968976812
0.9973162355289925
0.9785315767902274
0.7541715091515272
0.9920337213707185
0.7383450392346265
0.9369423116621096
0.6278014277583264
0.9169911886979544
0.7986492015945795
0.6778205100920335
0.4878911792140709
0.8624150820973948
0.733408511696475
0.6993034749637378
0.9246572572708757
0.21478476423936646
0.8742034048580843
0.9974295483372886
0.6759878815450852
0.7066479630244212
0.7935662060036186
0.9939427345920986
0.9990436356444268
0.9925830607534183
0.7171617837677117
0.6110236466313705
0.9542773985898177
0.8816795278276461
0.40693359831708176
0.8697320300919312
0.7156210667096764
0.17165424308603378
0.5500704111957755
0.8852385846392303
0.9901890777391459
0.7843064610845235
0.41149356605394155
0.45371112763057214
0.08477659168772485
0.9932636699350396
0.9801421096246843
0.8489729144018298
0.6891123891400841
0.995738250878755
0.9193554942941481
0.9458862819647931
0.7904624423489436
0.38561484409770325
0.8774926150838399
0.11451398613172778
0.4207838280217785
0.8640574986973327
0.7164574814007962
0.23524890747809094
0.9425149427789006
0.9392767372917092
0.3703046495620096
0.9645613909109829
0.9962830885498958
0.06417969219373724
0.039373126426105846
0.9491356731940915
0.6512094391030733
0.7323937759595928
0.8929126751491194
0.33130401356448436
0.9781525123820359
0.5905101452443419
0.9482485702352933
0.9917098355752001
0.9889951440606484
0.5997418679045419
0.8107377311730012
0.04985215170048974
0.481458738062232
0.23389629938603246
0.8096051073422975
0.9964133116162641
0.9958763074711293
0.1399489308790188
0.9950507797834113
0.7608829384497541
0.6493643458786911
0.23426423171287514
0.5999972150035017
0.8964988976559555
0.6694939093476804
0.8774667113560589
0.777686665555205
0.9699126179869935
0.7981282210679852
0.5158406516252558
0.14896205016227318
0.1812896905078133
0.9040239008308797
0.985798471649089
0.4342948507818009
0.16176600277869727
0.8591536408623655
0.4410449983155021
0.7500347614676223
0.9635628062007916
0.9665987744434787
0.9602548752774043
0.87796691230018
0.17449518888922871
0.08336304115318344
0.5681667209900789
0.7794930817914308
0.9975704043512622
0.8959191165491553
0.397479875141312
0.9950207579832003
0.9701323319885937
0.8816858333236293
0.1472356115114726
0.4431714194866426
0.13903449105460028
0.37742871512192516
0.6768383975320067
0.9053398857945091
0.8077258193347753
0.9244284049586915
0.6319322703723801
0.9953921057269064
0.25027780590376286
0.9905216936091995
0.9991933311082688
0.8948564992725472
0.7483485264999414
0.9537686802031512
0.9194726144804852
0.8364801895451202
0.17685675363908088
0.21420633514646767
0.6676193423079371
0.38615105345627077
0.7083126426305274
0.6475567073537719
0.6247442205180487
0.9708989158891553
0.22684479966743862
0.9866027717648842
0.5947131440845357
0.7243340234790662
0.3122837310176035
0.9992408643798003
0.9856724839829543
0.753195092030593
0.79081965234658
0.6657573386934759
0.9602502446344016
0.11015356231761662
0.5020949564581162
0.6224523351726653
0.8209233001016256
0.6071607003684075
0.43200405801036945
0.9117662393364158
0.38773655886405595
0.36888252831408475
0.19345467690117882
0.9609770891829431
0.9917178576732267
0.9929387296620488
0.9523208176385858
0.8580861927107213
0.7857696653417697
0.5016482789268275
0.99559368477692
0.15039275251492862
0.35266803633729554
0.06941787191793886
0.6253078497619822
0.8658037718932186
0.9317653849489974
0.7902140532992896
0.8805723685192586
0.9396944438963848
0.876649061918277
0.6767617241051557
0.9654917297091186
0.8192012701590754
0.6955262221961469
0.8021481342899197
0.5444758301498678
0.9992194952675588
0.880209980084465
0.8640841227251269
0.9049048279909832
0.04395796063105006
0.9747707757146443
0.24990383091945945
0.7050738361443896
0.36672622524915816
0.7514857199733066
0.9615555559679698
0.9750920655450241
0.8054737832849926
0.9568728425901497
0.9445318132089632
0.576412446005404
0.18967498483859044
0.33161643474193
0.7127133662275587
0.757141081979637
0.9733056411983632
0.4041217615304729
0.36944250884975566
0.16044732125655042
0.9915516522902666
0.9608523634637236
0.5259840004315596
0.95277918517666
0.5417562581581593
0.9956143264393458
0.9458686216791783
0.6403922690944042
0.967602331564173
0.9971061249828183
0.39364276942395715
0.3983341133468411
0.8087724535932582
0.7985685363231755
0.8112970124080943
0.9633739787252625
0.20072985976646143
0.6225938209181643
0.9995356755066781
0.36531894954795996
0.3190575059477466
0.6616235798338547
0.2902764270801552
0.9919303343847151
0.7267155594452436
0.07619383146870919
0.9383470147592844
0.9998950616566219
0.20105033760696306
0.6151320673625559
0.2352227784560319
0.5599455829324805
0.9878313677068157
0.24664618739114297
0.4967026647677228
0.5059481022339035
0.738457641563706
0.17488956070377645
0.09442207292360397
0.9120115558203906
0.8916818850909161
0.9394895260213713
0.9731160582941104
0.7755862603256837
0.9427083169040053
0.5880080002490702
0.7105043326703556
0.45546868294523246
0.11273811221967439
0.7923829721434237
0.19671391545711667
0.9307484733318909
0.13846501692844582
0.535040355456486
0.83315609881955
0.06604835772272899
0.4977456491637949
0.09807388026439444
0.010710805407155568
0.7435504728574032
0.8504295385005327
0.9905390585267687
0.5341106360777266
0.683575966919553
0.9261653840965293
0.6613513375901587
0.17564415317114915
0.8940464225122259
0.9172313227812545
0.2313221606306638
0.9156711355831224
0.09570623601608493
0.7986863758233357
0.4774720573218391
0.7020303616333202
0.9560784260701156
0.4940940624824737
0.14494819106837625
0.9871005783467756
0.6196686663664831
0.6190683137095963
0.1413466959147367
0.8843351375181573
0.835369033342342
0.8388023218889135
0.6797722684346053
0.5389974091531475
0.04990940087786628
0.6788921918681303
0.673993873542627
0.9902607415846875
0.8618300754683309
0.8275392317667472
0.20258928742612037
0.09105405113997932
0.3856686307293706
0.8853727292795323
0.14112185825594334
0.8957543183015941