0.39288116433551074
0.6109025255339203
0.34245905301915547
0.5296521193294935
0.30561110542669606
0.575986110998748
0.3816554138410081
0.636882972294795
0.17542433105138636
0.02149139018214901
0.5866676487800911
0.24809185465073075
0.5403374880429075
0.0016819007483525094
0.12480715953122103
0.031005379020933563
0.13340432480960385
0.33316984421195467
0.3756055422925247
0.5265164555751032
0.3813601737217495
0.4510485776088324
0.41898227187663883
0.3348795271631678
0.970687849724376
0.4283856815467675
0.6641136524402984
0.21174166731746885
0.9063059835778305
0.6164452720408129
0.9299872033196502
0.21423599297853813
0.8008946427419034
0.9594424701589572
0.9490751131738114
0.38651423287753617
0.5586347738829763
0.18074246785970358
0.8011565879448417
0.5822550623368902
0.09824942776697093
0.734837117847095
0.99904614607141
0.3126766986808752
0.23587376575402652
0.47881438134681
0.7389997141166114
0.3897702216933671
0.8261095615982977
0.31848599371890596
0.8699721189654634
0.6517247145321603
0.5792624534240994
0.8970117439665285
0.7297452999484833
0.5832182490718967
0.4266578581318182
0.08488857823445412
0.8338195146645067
0.31439457648169583
0.3102874256521425
0.3203505486854705
0.5759149270985295
0.20487749587995652
0.40841395463605074
0.8390321476504223
0.21104928386451224
0.4651187813386826
0.7340102136625066
0.09008258824496192
0.40404059712635876
0.18540313527317795
0.8232854793327206
0.8658197642321735
0.4620513427981079
0.6435302627502866
0.18097983106032944
0.982388464992394
0.5848939883703882
0.21313172449265175
0.6211203326131323
0.5817535523667787
0.44771165050283884
0.8348968332956804
0.5956501675787569
0.22503190853266275
0.42424842020447867
0.6277820459884165
0.32055171818340755
0.4751809806654519
0.4558051774980595
0.3773737726584782
0.9438729569401413
0.1722908614614613
0.30491178387440726
0.41911168454379627
0.3084140596471713
0.5499206284004069
0.008864046158248838
0.1595428108164421
0.49005191170129964
0.3347590632519302
0.04851406495856241
0.279482730294647
0.8954455815371436
0.5032820521435163
0.35123695763734075
0.49123376818963355
0.6482010226675762
0.4734056042635181
0.9085866169152895
0.16307571711226707
0.8488822732403039
0.08695547131046374
0.6393129611439753
0.24726598636667302
0.3071873216073037
0.7004375630556019
0.1906453919550269
0.4689723979746181
0.01606901198197443
0.7146462601194221
0.369890067316756
0.151372335784854
0.6772090583338061
0.018940899549113325
0.6522282252746577
0.4282282395341168
0.49128419842025683
0.5054790425570981
0.12268006715767842
0.7774892063193152
0.5920234634671716
0.5900929132737116
0.6143541950239165
0.12870813008733978
0.7622369016923992
0.901839081470312
0.5561704737984405
0.3209689341400886
0.013746148617309875
0.45819270333643247
0.32425388179079406
0.8365720290024343
0.0592730102674672
0.9431252345992236
0.37715129982195483
0.09459236211351424
0.3113563701803437
0.5664174108010309
0.8029051062033057
0.2032854047496134
0.697501168802503
0.7432050862145582
0.3535313231628337
0.9607804317235237
0.6117549579482743
0.14293165880746378
0.987042279440107
0.35450937997287274
0.6217119814352986
0.6558252028226372
0.4481072190030405
0.15950094964965741
0.4748855978984874
0.5641647529311498
0.31296651086936356
0.6720692345987508
0.8548344552207902
0.5301677086094082
0.28841004983900687
0.45921877684709367
0.6832010908042694
0.33943424501783237
0.8228437553597651
0.7846848881451478
0.5997437407105923
0.8186614724241396
0.00904009538497576
0.6921580161593983
0.3304794830808665
0.3978275510313947
0.6363752739466259
0.4703780568717684
0.8926223585670136
0.7104855130538603
0.6710016285627629
0.910881873750787
0.5215509504291924
0.6425620847049035
0.8834871798439875
0.7319679444884951
0.3440815618227227
0.24140730648974895
0.9263670828472766
0.9160274345755406
0.41654821218406546
0.5554204388505328
0.5970225931433824
0.31433627903296407
0.4217686877350741
0.8730723803120259
0.5463159883477765
0.37975674188840886
0.1918480664168372
0.697555106868313
0.9325768847175051
0.7662423738899923
0.485158914722658
0.06796770019872475
0.64763939927012
0.9702600430256655
0.6156324720401934
0.5831911681364003
0.4382173433811162
0.5366042043937981
0.4831281190027759
0.9295402955103343
0.5530560456706598
0.3746596464288345
0.9208178904801945
0.7224668515341568
0.45733828977968105
0.6782174563958006
0.948564397020801
0.8700134006815516
0.31584715234591115
0.27744970918579187
0.08588969927931889
0.7335852444537968
0.3484859018537257
0.38599167841514387
0.7068621271090736
0.4108752427837874
0.6129014565103503
0.49762923525109637
0.3752032776244853
0.2568157777680121
0.4095565454119379
0.015022119580138835
0.3912081367352331
0.5572033961053224
0.8467900134873776
0.6066873150181731
0.8753767260635245
0.0385073823616654
0.39736850349946956
0.47419707750493356
0.8170748362883463
0.5656853879328869
0.17775156076367413
0.48749198877460115
0.42273154631690524
0.599143227473709
0.7442491549995776
0.6043237480071543
0.49412226585488456
0.3175739511062067
0.5250776058120208
0.9361500742641755
0.8268754061651138
0.549580816022473
0.20325454234966417
0.6548763891743716
0.465458184080512
0.7623374202416242
0.47786361532860894
0.6336456176113859
0.8129354744773037
0.2557745520597398
0.751090529554223
0.7570384310954089
0.5981421434271467
0.7334275091130512
0.18996572944230383
0.6832530497512794
0.9352759635990648
0.5043557045902938
0.6499948646437262
0.6201689287441543
0.4026996069563436
0.8814105128943467
0.518656483438273
0.6468530531052685
0.9033813345889705
0.7053618322442357
0.013551305250965656
0.4040380210523491
0.24217722735906314
0.10494391205577845
0.8672949509389856
0.6711234944117918
0.73141927777589
0.9817714943084163
0.005500611362272404
0.527638257284757
0.46344504728545316
0.28876835728905165
0.2455615717801046
0.7233293728320754
0.6829245529123437
0.399060698014732
0.5019137714873001
0.37237874367571333
0.3987518239557562
0.502205514211956
0.451031939930064
0.5963216803399736
0.05477992853116338
0.4922375864264352
0.29026575476653355
0.5299853528615529
0.54940151674985
0.7172879493795947
0.18094254054239184
0.5162420028586058
0.3541667133066126
0.4057290978448981
0.5591891256918606
0.37097552115481186
0.7685949503612644
0.7898151015522031
0.020685779946374366
0.5245131987026053
0.26859149366461954
0.565992439401277
0.5973580065981823
0.48639743608052777
0.5747487526696153
0.6362276221540538
0.6745806916609589
0.4189250727534179
0.4875594142946108
0.5666347847204031
0.2146735985481449
0.6255420244050016
0.3034498439722015
0.8753326261180804
0.9610315426840218
0.018869062824708082
0.9006810012776123
0.8265319179075961
0.2076812804638569
0.010115872757239616
0.10847567028216033
0.5562219979742458
0.20235459426104802
0.08687338688330859
0.3406462527982263
0.5897660702528109
0.7770904306845449
0.14107519390806986
0.5322275855850096
0.5922136522012587
0.7428791352553787
0.3237710617663475
0.9938395173139157
0.2498275306866413
0.6591778125319138
0.27156084834695055
0.7919977668558209
0.4674176489910224
0.789120255828628
0.2102306575087484
0.4556397333723732
0.9555525211960121
0.3687343303028875
0.19532945016813932
0.40938698072359386
0.7209787586998446
0.5044298726038375
0.2671406302648661
0.5996379477700017
0.537990920208544
0.4735424204558164
0.2574240843283174
0.8736348835324594
0.8508527672958454
0.18049446659594034
0.10609429820287113
0.3336178556293827
0.9990782137715475
0.7032401556064434
0.23245281465084155
0.8929291413575122
0.6233295944230917
0.6016461161322725
0.5423135920551966
0.43489826680991184
0.9224535415816553
0.5847077865113954
0.004052648943690332
0.41794962281671294
0.8969121882563724
0.5365733122191712
0.7583451082186639
0.48956580467446054
0.5411347683789779
0.41386415976826196
0.1950469969714604
0.767123656922385
0.4999448574995683
0.5311734431426884
0.36043954009079954
0.7877674183487468
0.8434521044668332
0.5202204704801356
0.8093685241925737
0.693821624444395
0.2906133205627834
0.335103744049256
0.8535834064156049
0.820688237632128
0.8051394421595546
0.19164834215162724
0.3085097806130467
0.5057735737021739
0.4551056422210562
0.4278418235624703
0.5512299833759936
0.29795541021356525
0.6742048162827011
0.3534351433270034
0.5447507255797377
0.18127747641954522
0.2502749456440253
0.08133630477867794
0.9537408921396866
0.39119653616569044
0.0973062092825637
0.25013224971896986
0.928888543053879
0.42760725197085775
0.09019141914320411
0.6376792144721734
0.8411186299194459
0.4691765567445958
0.3721521581555304
0.2864014994136198
0.43680152912968345
0.40289547760656863
0.8378008534855713
0.838867076635621
0.5470109051430919
0.3869035266623283
0.10289086716677696
0.9873503886018677
0.3697334025955715
0.7038322487590065
0.3745728923783467
0.4204285455970202
0.43744946907862303
0.5106190711619789
0.49950867807130545
0.2608002787646099
0.5349881412557727
0.5794938793151754
0.6050599360379897
0.4422696268421503
0.46643660271067783
0.5659842888220649
0.5407047470813853
0.43508449587658515
0.11228875891407901
0.8720333696049144
0.8860087231782232
0.7971465032929068
0.2352874529798457
0.26792628626370363
0.9853774228994692
0.34366671964890333
0.922918317785465
0.6948311244689451
0.6222206299228457
0.7358211297468249
0.6997972021820528
0.5756127754050341
0.8119221060594203
0.17542622752883866
0.44205915542809726
0.7195872094974672
0.7293843640280501
0.38285447691245705
0.6210206512410623
0.179176853336049
0.7076162950735382
0.4762180425237509
0.5121768219071879
0.7537501897034056
0.10025043804360104
0.5984205830264718
0.08849454733577367
0.3374593806795343
0.7819789635915182
0.5318135074318873
0.4564241115208272
0.5792311249367157
0.7917364649683526
0.558848883011128
0.5710038896988215
0.48425626057000043
0.6192779583200243
0.9982789369793423
0.43768404572413405
0.7735741345425838
0.584700266911141
0.45563215223610926
0.245102083377841
0.1482606178590331
0.5701294220727289
0.6332967696640621
0.5331372268825244
0.3086312612490082
0.47625976249017626
0.7417995808181453
0.5198217961005992
0.28890254855440234
0.2889622666141944
0.6003130737794874
0.8760216550845548
0.006852407260939291
0.32663515900614737
0.32840811364614786
0.2673857369162143
0.292657677884305
0.6051983624909036
0.34942722363722134
0.9004875150766578
0.3490179552667293
0.545101933349223
0.18284546639855354
0.09066928974392993
0.3474253067853404
0.7284822554953777
0.5383041777803533
0.45827038416986143
0.5735943162346472
0.110501602905273
0.16163212528485454
0.6893179642800726
0.2981710944206817
0.8739969763231475
0.8549910592373043
0.719616248664551
0.1991744021895747
0.33152559115290675
0.06726181114471715
0.40778835594393353
0.6360949696767267
0.6618160746615788
0.6986575886651417
0.15282704407340705
0.5843220265649454
0.4103086674774723
0.577920460264681
0.8706874722997605
0.6113607685249929
0.24230881878258997
0.4736458066420568
0.959326044240561
0.43808688451546046
0.07948811573124952
0.327039590387032
0.8375722949536827
0.9426411451721155
0.01731878110206593
0.3697668090224581
0.8849716388646238
0.698187350864645
0.5181377219466634
0.5330669607685982
0.48371568197327347
0.2541882875605342
0.7880030858766154
0.4952600038359506
0.9016712157403206
0.3265716481149679
0.5729507815626004
0.8008291052371972
0.48397533949487104
0.5024239973949635
0.8436702555990566
0.2664124686332785
0.718896484978752
0.9253336674369025
0.07361089058980495
0.5532686563475665
0.37566870001119496
0.40606771355565
0.29483105845079655
0.5844801239272881
0.7787458614962022
0.7651451620436078
0.02677719115012906
0.4309429180189302
0.5161990329500371
0.032460345354505614
0.5538825118831295
0.4223597766317143
0.7132075176261236
0.40546819105654414
0.05326995782571322
0.4087865142607523
0.9465784000205815
0.07460225883890098
0.6232266783763124
0.46233117141150615
0.034406803139483154
0.3335045074288217
0.16368124778066714
0.29269019618360237
0.10349797314105082
0.5797738290077379
0.5655828370591671
0.43603675704566097
0.055705658732841556
0.4367239587589937
0.5027755891882387
0.6666604677639365
0.8925229831141839
0.7112031380239884
0.9766567870069601
0.32761490517201014
0.5207245020872475
0.20682194972753096
0.37653163828728664
0.7081194049980342
0.9916707992425288
0.4751410582261071
0.4756300917996423
0.6769538110712906
0.94126457167695
0.241219786600892
0.4701225431893794
0.9981170271891394
0.5515242447880387
0.5900899771232581
0.4256664951954278
0.10776010535013791
0.42452104576924926
0.5019109081439891
0.7525413931793871
0.04697658412227563
0.6037037311213899
0.44488793719850694
0.5090561312302174
0.6299657360807169
0.7064612066466989
0.5306812648672434
0.5654726905035421
0.41360999215269967
0.9678616352404276
0.272976514259273
0.11665325704401204
0.8022751790441218
0.5707384708281066
0.5517193539803282
0.9105318735264745
0.5305840643218934
0.7073206666228339
0.820459859081189
0.08482155193962228
0.39566613177231286
0.41994898557594607
0.7430736584630757
0.6081854614048037
0.6763068135933165
0.7343617133217832
0.4134519666176653
0.9377899527092602
0.5458271675533476
0.6952094339459414
0.7123579344073493
0.4690362042238329
0.4577627174501006
0.3757549983191073
0.3256750328403022
0.19925900213759337
0.6387175983807923
0.4451332165201815
0.4596921736235363
0.9616942568236403
0.8242422137191949
0.6273606196123227
0.6380715035526598
0.8308235603047732
0.11077044854935074
0.10633320520243895
0.6432164019122901
0.435152505766074
0.4299362884420459
0.4692598644481746
0.5395647446992055
0.4369654886273155
0.2683236016147112
0.11038117780218322
0.1764577702786074
0.823240511066283
0.6097553513667968
0.32703634129815773
0.4094246902431924
0.3491547627498835
0.004474469498022964
0.2474996003460439
0.7293680262080509
0.6392109996029529
0.1994475831477817
0.9691216176678465
0.5895679923314633
0.447638299693388
0.21020630859132022
0.6029818434145157
0.6630628095046931
0.5945070631503048
0.31041492038538304
0.4397179696772252
0.8863273291681324
0.048596191959365244
0.7302522450555632
0.40350832682485943
0.7085651922704074
0.7702378161068664
0.3040368788480414
0.747326628254016
0.02559493580642393
0.4622761717717546
0.3744677134225417
0.5207419550442556
0.9516171417776529
0.19234580082224048
0.4989681873771734
0.36795641335064544
0.550098770989693
0.2670639392463323
0.5781250413110586
0.25671424481334404
0.9248575154937986
0.9930826989707899
0.3415033748288785
0.31650607861798824
0.603700429384802
0.030477624586876195
0.9528985150743234
0.47794563333350065
0.5889241710428972
0.6962529264421594
0.5801412163636197
0.23939869883783443
0.7369901837601883
0.8478124668384504
0.3442235259854423
0.9581620621257054
0.1574455323762251
0.8072637174119655
0.6671243910965944
0.15940918640201526
0.27459517508407477
0.5124664995476961
0.48261296237024875
0.4135235403970318
0.5334184282519923
0.7452090524528829
0.5810632541450521
0.11978560840540894
0.7997616824245054
0.26816378132743757
0.18247328129905943
0.19369100755222737
0.4569701057282421
0.44862045492917
0.821095709351162
0.5253244287593475
0.20989247879903214
0.9517980714221705
0.8202242714165261
0.20654331065217357
0.5637557400198115
0.2699844944318176
0.17143615329736575
0.23143033073878536
0.48066944729523176
0.19169439533673574
0.7734538664911379
0.11579022943163368
0.9009402512538134
0.2729509600525962
0.33552649264694784
0.6809891802753396
0.500293917014711
0.7076919759070672
0.13286156609768307
0.6247559331156775
0.3177264219118746
0.6355819008869085
0.394269166311325
0.5243872622012629
0.5161310181319084
0.03818230165172551
0.46813291895200965
0.43554145959490964
0.46334235785585876
0.6948957661767089
0.19639412936909584
0.2519823798231235
0.47178734376883247
0.8296433170039426
0.4121001212206897
0.7150636226510816
0.6010628265454729
0.8181218618371066
0.12008942345431688
0.25099972996587894
0.7603186182341751
0.32800440676706155
0.5978277545289288
0.5507811760049732
0.997527976617833
0.897646446745751
0.4787753210717526
0.3245465559042126
0.30385486506858617
0.38331076328111446
0.26826643268023886
0.3108799069377119
0.6953798235385008
0.33346115553839484
0.1599907815927495
0.1239189233238775
0.21684299746090885
0.6905907289082586
0.8194486915704196
0.8350313509060738
0.10233202261323486
0.5105810972271658
0.09768491003146347
0.2310512513365946
0.8932428712129155
0.4414182427798497
0.4227303264084118
0.8380768149166309
0.24281947374446358
0.6503957790944263
0.02147474072252305
0.2987468973825417
0.3244964807233641
0.5919280472502865
0.27614513940520674
0.07971649704754209
0.5047221642875385
0.833347655603623
0.057020519452734765
0.650675819082501
0.7398188933591173
0.7586094614484953
0.7776147423877038
0.3892167750073227
0.5770856145298462
0.13277028641358224
0.30653379996172614
0.7451144849678172
0.5901520504345017
0.8855332878779559
0.20069683899449448
0.8488135407790627
0.33117722852843223
0.5750910037673873
0.3618153217507198
0.41000350904891053
0.5401182185224661
0.25442508850935164
0.9829462219346656
0.21117803173628408
0.12872953937623316
0.9633483359584453
0.26188600119103533
0.003954365378458092
0.05306873948647521
0.6143311936902806
0.09160147105022853
0.26522335917151946
0.39591889024834703
0.05156416319180667
0.4940294097081515
0.6282044997694255
0.3925606716001267
0.2258395290909387
0.9555291647005513
0.2574389203861609
0.28467702238993775
0.3633929055737408
0.3094645954781864
0.5275258608598596
0.12321809370808097
0.21983479724311555
0.6894842691892604
0.4930576078385995
0.32603006378056565
0.5109811457067458
0.5486160429949964
0.5343758877732199
0.6668387367616945
0.652405863015587
0.21704456827007315
0.7662019553185663
0.40817486589359153
0.4929996300888755
0.4803924354716921
0.8952681031426037
0.03893482652934956
0.5396613425313307
0.4010935181413557
0.702446737796995
0.47090017416418456
0.5334103858701654
0.5907195214073596
0.14302728093605274
0.4403797884398037
0.12509923653404373
0.7588495648629523
0.510728338218761
0.795718582364491
0.8959401967296786
0.8783209832482349
0.5740853882422005
0.5977873834379772
0.32935226023625136
0.7469251016123091
0.3373903917682029
0.4284717449046621
0.6408167088127847
0.5434734005230405
0.637071650178971
0.5577212157470196
0.4744094432214598
0.1919570845335425
0.09921291374710889
0.4494211169603696
0.5813675077080871
0.12864319529058507
0.8865738132014402
0.03162736158700452
0.2689236972571078
0.19517690712859462
0.4886550365327854
0.29480606136158144
0.5180201052552847
0.5857620452559965
0.052938713613177577
0.9729814463485101
0.7449449993560194
0.5945117637293237
0.9412117328660753
0.829889821574622
0.18419540702199352
0.2402567418468113
0.9357527454785961
0.20328409021370944
0.6980896112525692
0.03947014889286261
0.9474583345234224
0.9328134851696396
0.919107383210349
0.5338222643484052
0.5739035508449333
0.5639824118173533
0.619080359569314
0.16132082529185915
0.2901414724149404
0.573034938461397
0.3117896813679427
0.8027171620289074
0.007731261615948332
0.9920077895443351
0.5915539414230914
0.4711999271662025
0.7827211652700999
0.7749998040516216
0.5328492272824826
0.37242293679073324
0.5141353384071217
0.6635188829286012
0.5731230328330666
0.932534174474971
0.6687672471294873
0.03738257954957492
0.4772314022037
0.7871616557594373
0.3698608249587639
0.0876617850122262
0.4096515367022926
0.6977046778005025
0.38360075680244327
0.37141299058147775
0.632189567494844
0.7970974743938257
0.575703074514305
0.16594021671467754
0.5721233245070539
0.6136735894769266
0.11361225266651544