0.006368338395024598
0.7389972541099252
0.9159576971538251
0.9114266824267884
0.9019449526383879
0.9448496880839972
0.9939831532476228
0.9962745877982544
0.3606588878327191
0.28538179503588307
0.9948354872819
0.912168900212393
0.7705284808939518
0.6207729667949856
0.8262314186309311
0.4677590081841607
0.6958398245414833
0.9312133477688196
0.6473188953572528
0.9723958694770231
0.04259800721124363
0.8051629825661688
0.943564670234806
0.8932564156694038
0.5832945593224924
0.9251110959376496
0.5059527388594914
0.832856429103875
0.5977157653491173
0.3720734446811053
0.5606840954571656
0.9889559579994897
0.19729138337514318
0.6515606140403937
0.707455176300933
0.22384820082476037
0.9923411513845942
0.07826584980208351
0.18325085112646664
0.9995278526924122
0.4992587031241532
0.9332614197861253
0.5024013941228023
0.702773546348479
0.03559369225977267
0.9872595077241929
0.21551234474279826
0.9837386125613815
0.8641462504810355
0.1648552698227466
0.8673883192145436
0.1501513886366895
0.9978204597067147
0.23565816551708943
0.6089117349943561
0.6293320280988134
0.40881342575561674
0.7141400040469803
0.5427083030782947
0.9572310311513674
0.9439767715625158
0.38731190699564333
0.9783167311151052
0.2371134727391703
0.9840249935757034
0.8505003678096016
0.6466841843553072
0.9236629622299147
0.765365156705681
0.7009423940322866
0.9007325191750055
0.8261001766918701
0.6436917710273937
0.805479531036327
0.9533567529798461
0.9796239024617505
0.8759061776672769
0.34089607393274507
0.022970219434754576
0.15494642509433917
0.94083631146568
0.9419464835377308
0.16755271505284722
0.5680208248627955
0.8978864186550706
0.9577371885805832
0.9749785726813479
0.840741145992606
0.11883020909288869
0.9957360006372228
0.9206166148148069
0.9830104812345737
0.694430831310522
0.6851849521443532
0.7495850115471869
0.9421363086067348
0.7089107851441826
0.996801180291517
0.5498910156808449
0.2564171550211191
0.9997685020087502
0.738503722137431
0.6481813896909195
0.9072848617473543
0.49837917088250067
0.9615190346376381
0.07519436311752345
0.9753347259103772
0.9875473717694978
0.4209093484071946
0.30704776642084003
0.3540776634765451
0.8553044842069681
0.2751449046805244
0.05569938440972521
0.4871822954608059
0.9826831884601368
0.9620302078024447
0.15263631051890075
0.9329938245558713
0.22771433392028156
0.916565712584192
0.6704613920878595
0.2692256147693586
0.7789025689529325
0.6707745071499812
0.9505585010104268
0.7572079835878696
0.9762257792740909
0.8226565875852724
0.7327815868325448
0.1703558044346977
0.1253190897831769
0.37630879602168255
0.9900287359203014
0.7630891540059037
0.49477595373251654
0.8565566548682474
0.5693436581689217
0.9243854700173435
0.5652282329289267
0.1134230969744087
0.9511037929567092
0.869567202593875
0.7910640766525254
0.7171000442943681
0.9824892069018488
0.8180627370678015
0.14580664845763083
0.9519799062253823
0.19717077573476838
0.8095844685389035
0.9754923683127903
0.295807950048731
0.9485498173792705
0.5113526259650174
0.4547746852829936
0.8121619140018301
0.6723850149545746
0.9533509099273604
0.9458905768235524
0.8869133362885571
0.6023533908993153
0.3132410097600809
0.9982916716836326
0.9816820576807446
0.9989132924775485
0.9074523391562571
0.722473551939858
0.9979694301839597
0.13095180121131372
0.9727195849468762
0.21971734063840875
0.8925985079307691
0.7986881278576264
0.7049417279902395
0.3658478011449378
0.4762185761807735
0.47412930215165544
0.9816272736686597
0.6130500314630346
0.9910514900421963
0.9675083842432182
0.6360187388477222
0.8392902202228166
0.9114951858354666
0.10303308717468881
0.6714633387131302
0.9798965111535483
0.21250008740496734
0.7650823275601835
0.7219394313719852
0.22035533468013305
0.8386039956174401
0.5371591178390388
0.32799891484903637
0.9911554452537503
0.7531585435877106
0.969795948285788
0.1145824836471441
0.9955103918341294
0.822755992210879
0.9350083178827956
0.9712296115016261
0.8267790566577724
0.0185487150479593
0.4021862302989553
0.9037132793492152
0.9702369304972822
0.667909167193755
0.38310424162870127
0.89708336897762
0.9532547688632569
0.9412340274443968
0.9999482394188163
0.8908590869887468
0.7824955061084868
0.5278384510987197
0.9425544527363561
0.9543106479642028
0.5184351913093797
0.14618858768777698
0.9854221103652948
0.0009629499225397084
0.5532202770801564
0.15805165952330053
0.7497753338622477
0.9469387290970993
0.6953535390791304
0.9658133001618139
0.4139392001287798
0.9953606264875229
0.9453694912667022
0.6804539760654396
0.9634862202378457
0.6955008477011357
0.9829005444593533
0.2302622302360055
0.9682148712007025
0.5730140565303415
0.8810896925903065
0.9843788249988079
0.11114883746560714
0.7162404499753576
0.7443248957458126
0.6384845882043645
0.7972067629585229
0.8345045235467979
0.4348832267006776
0.990140348910921
0.6152608169339489
0.3237118177765052
0.8565881698165497
0.9070031192328978
0.49293819897087876
0.2687669468386749
0.9848793449773641
0.9590727246711772
0.7016603028883939
0.7050320320741833
0.6931808255931688
0.9706799572424046
0.10233605713832764
0.11750296855273297
0.8920211135896753
0.27928831364668283
0.9828414050811147
0.9754140854664789
0.9064068211778805
0.07515511638811363
0.6285710308063934
0.39013041656445674
0.9910862271338183
0.4644437375919856
0.9164117660841952
0.19414795207907673
0.5135353025028051
0.33622719651325156
0.5624578014223937
0.9341209381837858
0.9982772349375209
0.8387833293886733
0.27043231743906637
0.23975598205041876
0.45886334239007615
0.9387258142094973
0.6052494237942629
0.016091263590686848
0.9289839427800375
0.6755604925246205
0.7140443080392992
0.8935950886819023
0.9766871536095937
0.38947777895991675
0.6704399554773085
0.27294817318575115
0.9867616036457068
0.14618213016706127
0.8800646598913286
0.24958995235227316
0.5177230044241081
0.9414496740374547
0.9917707203230631
0.0046996417369112664
0.6574722786385461
0.9964030629643212
0.5912769130254177
0.9779073128847077
0.5152684895249053
0.9982603470962644
0.11060424232373293
0.9892443195496753
0.9644649579302406
0.8961651271395662
0.8970870371641555
0.9974003223614839
0.9266757449116105
0.03509023301429024
0.9913088397589831
0.9593263458367673
0.4060942257666883
0.4353163955182204
0.6164300737753012
0.9998687792777321
0.6610716145529062
0.9146684862744585
0.3196461537847201
0.9141448827515464
0.9785864325866659
0.21959175628931257
0.5460311248523844
0.4332951952252898
0.983094806219877
0.9801235723357892
0.84892698598771
0.9997147228084766
0.23660732874489648
0.8068434536329259
0.5249228943760204
0.23646802761567043
0.6178356652753986
0.8590679363621146
0.8896717765937022
0.4706686207920585
0.15184562538436083
0.9738381189572709
0.3672896408693923
0.5680553067243994
0.7128396742654137
0.9460379861794389
0.7929244510063008
0.6425337059942827
0.4661280688232956
0.4548761242822245
0.9141845423770949
0.5824894632052368
0.3817992297553852
0.4245245831888573
0.9400237516863783
0.4284641403794241
0.8749103098346976
0.9765970555859714
0.0823100194446634
0.8139058314135617
0.9248939223399348
0.6295076974145523
0.989730935622126
0.5998727218959654
0.8811205762482099
0.2626101814419239
0.7247494200854842
0.21207475624025468
0.9255036448302303
0.3478204842456099
0.9828469939231244
0.8948524570143741
0.8278583453714882
0.12394659386786894
0.8169893409849812
0.8422893452423407
0.7580486572608083
0.4191147608096557
0.7785190941569384
0.9383711268647631
0.374963434357019
0.9661221930020834
0.3700724601646752
0.8951401551794983
0.9986239683186126
0.3491784874624633
0.980342498924393
0.3221808121965147
0.5770069213314025
0.1919044897396667
0.9792135216516938
0.2930364085647534
0.9744946428638036
0.9849743310442918
0.9980133446771161
0.23662811402002304
0.3273521062618015
0.9998915977555697
0.9703908131529407
0.966175119895962
0.8122047292103441
0.8009328694337371
0.9408567571190826
0.1028171774199757
0.3355197640862567
0.6214722592743342
0.9670624575065443
0.1945116972736655
0.5214016876419326
0.3147886866502236
0.45016575103799644
0.3028107564856465
0.9963788092578634
0.9607456209484292
0.9763349685074438
0.1756617288741014
0.8965452756664206
0.5190217648866433
0.9883045578807561
0.8910645512504611
0.21515984872040267
0.7384193693335235
0.40728226485286956
0.48543467910871974
0.43090876620892477
0.7744958922823031
0.32539764261009513
0.5104819477882874
0.9678741464805304
0.8826845498963999
0.18885524303978338
0.32588680577443496
0.9250527179296529
0.2891124345431905
0.13512211836068005
0.7404285955921155
0.997023539308386
0.7876482486649242
0.7164973644278677
0.9856175919348336
0.11819333863702437
0.8274263463103564
0.6224330516583874
0.013124945570612704
0.7520970016869295
0.872496131578938
0.8579537008950839
0.9933133312418686
0.9779406682859252
0.9828700387723599
0.8820337730610681
0.9126888602006755
0.982607642295958
0.5457333619139211
0.9746520662795698
0.976142210418372
0.9932990265402997
0.9808417152914679
0.9019955655564013
0.5982550532269904
0.728572338570273
0.6623881867663111
0.8203765740997104
0.9203857996907444
0.8961492044874558
0.433446115649666
0.8396613606267311
0.5133574606217817
0.37938792614319744
0.20074250674983446
0.8352756648426258
0.0054794765447241985
0.9989581283902368
0.843021776955057
0.7954614954550352
0.9956028268789279
0.7176380807322364
0.3149264684072694
0.9684693488080398
0.8135912530040708
0.8023025606517166
0.6373878686217149
0.992455954462978
0.7360412479903764
0.5834460036958774
0.80170369396895
0.26677307016772744
0.5814000623697636
0.09623672953596443
0.8547686350791035
0.7697689558008919
0.008640771605307334
0.9110537658660428
0.8384830033383736
0.9927441876915842
0.7498101216035089
0.31120760275135845
0.03980363006002268
0.46188167865694074
0.9720326646099232
0.7146053429600802
0.9995008004498747
0.9930690238330229
0.24031634097322516
0.7057719829079897
0.963663141856523
0.9876362316717573
0.9023474501666685
0.820907840065208
0.9364945524212854
0.10764471449792659
0.9849429930070976
0.8137285804066087
0.6035054437717731
0.9610502312218692
0.6628154618602987
0.40923528222040867
0.9242871271096438
0.272167475716146
0.08794074352299822
0.9131763778601337
0.906240792425611
0.7052693484878649
0.4287195770650363
0.9941889829975862
0.8235211750833736
0.33237235426456824
0.46038011563797543
0.872134086895632
0.9713019906602732
0.785563035206841
0.996476394238374
0.9568618572094162
0.8363739798999141
0.802412042364737
0.3737455621417405
0.9086365206090837
0.23778390160780477
0.4205035961675994
0.9304819547591914
0.5855096509592526
0.5995758950101198
0.88936981352873
0.9784837607005339
0.9524413021500824
0.7186004667077601
0.3199152620562827
0.4218442317956396
0.7911569285145768
0.23108756180329382
0.9724794425977925
0.49144319318622176
0.9778638285333343
0.3827480375135508
0.9428763086851775
0.7336445849257384
0.9977551394721301
0.3077093240818026
0.6296421597007795
0.6395005287432011
0.28585628520376194
0.4626484124923389
0.6536043837308951
0.8944386069119138
0.08912857772339695
0.8079405155517118
0.9677360728800514
0.9709334970197635
0.20878372228688016
0.8117222687234893
0.9900394835270103
0.568683292701878
0.8587025651849456
0.7365201829946577
0.9387492815983429
0.9823372984236475
0.9435555968775762
0.5140421656981083
0.14001014936149056
0.048373663306341255
0.20575243346762984
0.6798603631153479
0.9948802984401836
0.9712564817597856
0.9786346425533978
0.026132595258598002
0.6717056038787836
0.7203746805930314
0.025342904225449336
0.4402893322548165
0.6910020891879314
0.6046649838529123
0.5137388149227654
0.9685487811230791
0.9757463047453502
0.9431846022222186
0.9513576771009121
0.6422070142859047
0.8375436791137463
0.29208528816573553
0.481509738948934
0.8283259841438717
0.7263273438468448
0.4139464177149343
0.9652543301314483
0.8838127650413663
0.956186724893254
0.5293405199904335
0.8237995868015255
0.9634602608334814
0.994667313414453
0.344550531490169
0.738356488871041
0.9134458693726135
0.21476874183248273
0.7576286646085266
0.9741838225830647
0.3921835797012124
0.9522870778033108
0.9968224947332663
0.7491108193221995
0.8763080184076606
0.8655346121101709
0.2846297043520766
0.7147246699073925
0.11592366000061972
0.9616686561993814
0.8015795941867496
0.6040820031485412
0.9917713236621987
0.4641720385339542
0.9949359895125388
0.45922657584899373
0.9552118850721929
0.6090879751365591
0.5480339014387376
0.9996122159995026
0.9785806753502285
0.6211180819146908
0.8067320310204168
0.7862416324588862
0.9423435796812112
0.4227556487059782
0.9688665394099076
0.9717201693540997
0.9342537218520888
0.9952633840211168
0.530232845768354
0.28686182541738753
0.3012571645033282
0.7876002267047401
0.7121800158277544
0.9808663197886451
0.17129949517612839
0.5367161271529297
0.9549397957124376
0.45311591089219505
0.3831493626616492
0.9452224736910603
0.9944288905156639
0.8589339490286602
0.9635024777021133
0.02669154861026255
0.9015231822404712
0.8303081636054263
0.5662638150232965
0.07222347568312384
0.08131451952757705
0.7159116624004466
0.8001080053413109
0.8415409789308058
0.9559012863215568
0.9291313212159629
0.8227933173559618
0.6731785832764663
0.7532764862684254
0.8981785902233601
0.6882037413622898
0.7247364655615243
0.9056193676387191
0.9485719831742332
0.7646222330561004
0.38371313768331755
0.527388542302228
0.27441128079301896
0.9212013659596296
0.8881295554152413
0.9984023314714676
0.9407041767414076
0.7434192459500555
0.9136507897257605
0.6553620808330625
0.8537761533273015
0.9004532344498063
0.9204773795128507
0.9166200212010187
0.7944990014407102
0.9805341585285373
0.3403528925078673
0.5530272137175999
0.8710709792378799
0.8966382031797289
0.5735411601586508
0.6148305858464249
0.9900261359312325
0.0506875123351429
0.6589790056950398
0.8205247010188083
0.9877897760305965
0.9784699661214519
0.9723418402916919
0.874498296674498
0.251472300392137
0.7087716810140906
0.9057491107159635
0.632399933265133
0.8225006620920836
0.6829478167667135
0.8510039511115561
0.6486409433674544
0.3490468353889562
0.9420138736134814
0.8156497609239176
0.8856283367847898
0.5878608989296653
0.7760504413141877
0.979216884794294
0.9648631168310597
0.9934101672039446
0.2858048288237708
0.9799131002205348
0.8505701430064724
0.8315995230526635
0.5761080686625785
0.9097100538522218
0.9009461415463945
0.7921376817320869
0.8000343827082947
0.7037094412416429
0.4453525794389582
0.6913684541752629
0.15839675144136597
0.9928278838851005
0.6737999816601101
0.8970447098253298
0.7718373370044611
0.21408578139296655
0.6023184859129767
0.6940012839265057
0.879050324488729
0.8975337367667606
0.7976020059948262
0.48675575966364176
0.9944326726034939
0.6897209346613478
0.9913305473994151
0.9942360616661717
0.07618649019589298
0.5080440374542524
0.5603659681132083
0.1699275703935735
0.5515628182371202
0.6901213429608384
0.9175024421037464
0.994691202137608
0.9769708957133929
0.6564212976565775
0.9977310817885513
0.23685503038484823
0.37525050042353764
0.3190419941375576
0.4870723492642102
0.9756986893637107
0.20886391629961806
0.26684559023474536
0.8030040875531286
0.9604669116076602
0.8424891711167859
0.11785460297063806
0.28265183069161826
0.8157664089802816
0.9351800545298866
0.9323048546313324
0.7461285879219768
0.01789031543285405
0.9183296576568638
0.8421989374607478
0.9564004557911041
0.9873115844363773
0.017186429271476816
0.9030535872576999
0.9644693251766494
0.9478770395910782
0.26335354180081016
0.2883595141576066
0.026752963873339655
0.990715310789924
0.9622851797309908
0.6790987016116368
0.8895192162846005
0.9292933892981433
0.40036482292808445
0.9875381333407427
0.8744167089005345
0.015378461681502125
0.6267922228417612
0.9167795241241696
0.9050520098722733
0.8099540806353098
0.9195979619314982
0.6649857843453725
0.9771994681818155
0.7237711415981849
0.26135378736250925
0.9873013983972303
0.8576108064321676
0.34138675270850566
0.949883297557235
0.9624284973422386
0.8383157113942977
0.018477207137558547
0.7111916620844593
0.6974629054539773
0.3179154829347846
0.8156129761624513
0.7257615895304559
0.19895924823998587
0.6937051820084381
0.435098676491777
0.9915956369958924
0.6703039624686464
0.8600012522253122
0.3024909809632031
0.9759959465687486
0.9927319134251755
0.8373192549135513
0.7078176955374351
0.29419180857010835
0.2950059630771946
0.1525324865953609
0.5205199943993682
0.7294898865129967
0.9020360653611663
0.31715482069366746
0.8452854992401821
0.7927276336039836
0.7562929816522846
0.9988580574466116
0.4421639849591276
0.8897788962669905
0.9058886727203493
0.9665057722462427
0.8379806713237842
0.1352631359010677
0.8624334433932092
0.5696817702126251
0.9993203665356639
0.7530917850452609
0.5486697259314521
0.30712509467495114
0.759695829749091
0.17849572584491163
0.9935440358000003
0.7667855898973621
0.8760761337334212
0.1190083228643768
0.4756169108973699
0.829649083947184
0.7810592568547997
0.736180657144988
0.7662889625770606
0.6574525990336706
0.44146210863147806
0.9930870019303416
0.6510883478456923
0.8133909595183315
0.8625602065429596
0.6320695699201664
0.9858494028687415
0.12115779029293353
0.4535086129931891
0.10858161176796417
0.6589843623430738
0.8764590644868174
0.9926741492112657
0.8665440107119488
0.937540757440758
0.8797108841096674
0.7468232358731628
0.8823761309334295
0.35169224462957005
0.871633710666363
0.8392904697177511
0.9639419873669216
0.477261110458052
0.969405291999344
0.9263318810490744
0.998869011729723
0.8447594176455661
0.3218067116944708
0.9935890909516872
0.496478251702434
0.9633554972859543
0.6994923572797043
0.6515278986645532
0.9898161009009367
0.977904433578251
0.45118603107611394
0.40090848529522716
0.9934128885297662
0.8082556266312927
0.7020510844997631
0.9676756938990484
0.6704232333551445
0.9252081540552226
0.9806787209124076
0.7881656262178015
0.43157575625453487
0.13346622089812465
0.21830433719591621
0.9914621071385258
0.6782650382164755
0.04806515833591069
0.9288244843310159
0.9983241461513184
0.08635712576786808
0.5205360990335095
0.3018117357379923
0.4824312679976554
0.9944318350400028
0.5942052050668543
0.318737074624849
0.5856842138302392
0.3130480393280322
0.31760282167935755
0.4800173386030035
0.6192817310606705
0.9229188370641056
0.7754018932350609
0.9518851166415963
0.49487949304170564
0.977514455445492
0.43307271041771334
0.39698691025363864
0.21959992194260458
0.07538137077870409
0.0396986924117729
0.639860926265034
0.4375873113051503
0.20975217331522086
0.5541569353113623
0.42386565211973126
0.7990242383322848
0.39168183084840275
0.5360658284105917
0.31136026484506274
0.18969158018367774
0.4943728388743762
0.9853507656068435
0.6360635098865522
0.9916368249113131
0.817531685520376
0.40874694349894486
0.1286435438893612
0.8992090315748876
0.9175070742060615
0.6594735555701842
0.49458519785924654
0.5035584958446706
0.8728802161531369
0.7728343346842809
0.5520859041656937
0.8834286529219455
0.8944348975396242
0.05353708271895759
0.9915540835786718
0.5007374141870852
0.666501879705813
0.4081063065207382
0.9971525371222191
0.5122195732751439
0.8052870070851043
0.7303636998048361
0.7048443228115018
0.8335334237876935
0.966842919474948
0.5412748498792498
0.9579100833852299
0.881852743768967
0.9900260580206158
0.06653057217199466
0.8607499361748273
0.8529302226420441
0.9297745852309269
0.7707164706677839
0.8096224967610485