0.39555315116544937
0.1388845384885676
0.5389369238808572
0.12283404109065428
0.3339080650263696
0.7455983051445049
0.5233891795556804
0.4332471220019805
0.8658530817698675
0.5044917312707583
0.2243683322391367
0.3041773069984406
0.9150863444924968
0.47070702448781526
0.44405840115532114
0.3490605831486906
0.1601640749803778
0.41156799548439077
0.1163638881557606
0.4884760283686114
0.7471633156690435
0.7860539964981436
0.16929339457350268
0.6954640926532094
0.5771207389513601
0.234455534673659
0.971694205860659
0.5021284402861714
0.5747305377686044
0.9779398767608205
0.7847491035156563
0.623175068383957
0.20604919470872743
0.6974785777183945
0.5690158399809933
0.884707560914164
0.6880439876300878
0.4833926811227231
0.7032713496732951
0.47255464349010384
0.7116621681869317
0.4557701962088332
0.24812113585766105
0.16800784894624385
0.49499975868045587
0.5734541348511791
0.8678117158306216
0.419253881482209
0.6162190788374996
0.9137744776092094
0.5449693985869913
0.1396017806424887
0.3826800783737265
0.7977339685863943
0.08791116774945663
0.9568391161262066
0.06586692019944027
0.5314782971685743
0.12945357907167523
0.7659001218024672
0.4644931121411021
0.9660164613745539
0.3420829407076335
0.2434593862639617
0.44518769497605054
0.5507994948448692
0.23915190299909528
0.28081986902509914
0.27018034141434166
0.8469727938334674
0.4159644098710175
0.21499254888430686
0.2339603196334447
0.5919651735434039
0.45708912100638743
0.5473908447725025
0.626805010482552
0.35520759456912315
0.38369890406648854
0.1915619507516446
0.7546131895412799
0.2697548933443615
0.09714922852377839
0.8795452633700942
0.692528271903536
0.2462377081220677
0.6567468480589541
0.9694051567706441
0.6054178679790072
0.45552072355828976
0.6856807054461855
0.572289521736621
0.43603020504519646
0.23069392856775564
0.1467450632791709
0.2000850996801345
0.9079576445726052
0.5606385192593829
0.46683275031275534
0.23253801939198826
0.3934583097846876
0.9045574831547382
0.38407599580723084
0.47039201852306195
0.1503483125329761
0.36239930870211423
0.8321426835407281
0.6337901391179052
0.5103417306859444
0.005317624659545959
0.3962117597494272
0.07078154629105397
0.2951320676461627
0.39839723619823475
0.45120878531278874
0.11926125114651118
0.4375207138352667
0.6561318131809182
0.27603319153841954
0.8085984805747458
0.47487167222388493
0.6223033228788567
0.05120106896655212
0.24515096350995938
0.7630923206707164
0.7627917753638838
0.36636648258498
0.9371797511984956
0.447310617584726
0.864223372754915
0.7770525431164322
0.6405203901256997
0.824822883239436
0.015428230274979556
0.29906505950266804
0.8151076972375827
0.025894478937891072
0.6230558157712441
0.06919446229951556
0.27378792802935314
0.7677191209379057
0.8226006061803065
0.5596722198850034
0.4824400289857662
0.24415226702402384
0.48136155001790587
0.4780130626846377
0.2829940150674725
0.1589619396300437
0.32174440875608684
0.2160451177119423
0.5650380276342821
0.4168644754993857
0.2502160732334736
0.576789601490216
0.4634115023587122
0.043254197760816425
0.48740029566245013
0.522939388265417
0.34814629724324553
0.3078560146266493
0.31083282600748907
0.04855310869191103
0.5978737225325151
0.4845518775996388
0.4382535004327268
0.759498115434163
0.3543967943348642
0.5487585395537635
0.5272641623946686
0.5748772307619169
0.4140206846252441
0.8436834615349719
0.19144736652032615
0.20457392195485294
0.1252200992570049
0.9276047366222905
0.1104930463855369
0.4651578005992242
0.7408911587532272
0.9844524153555035
0.5239143308520307
0.7588586748779396
0.9858239981377853
0.32089499147386374
0.7310547945153417
0.362739595848833
0.3439099863284337
0.5524860081322125
0.22970462724339022
0.7313773140027899
0.9126471559113999
0.8642363321128043
0.21835134447808988
0.7322570737484244
0.35410685048191726
0.37004336448622704
0.9273114668023623
0.3838130129232236
0.09206244401460127
0.5082921425740901
0.344270670772522
0.46391697331122167
0.44442794017262083
0.29210465429168747
0.6375047568234948
0.38128867702009933
0.3131325373200611
0.5782063682644074
0.7023460397133153
0.1665188671454604
0.6002266330006955
0.4716040691526599
0.602922291291109
0.5020326658436576
0.8332749983918835
0.8734757728315795
0.7745909388267581
0.6654497061609721
0.7725042478416557
0.8676752043710401
0.36213806675040594
0.4331869710297191
0.3800189316499534
0.4118575578315397
0.40742509141278505
0.9314942070501506
0.6941750298696989
0.6848218702583079
0.5755974484006519
0.1107888208170207
0.36062002025590423
0.33147936964898855
0.9555479493140843
0.5354514869506971
0.04495509058084444
0.1816052906514791
0.3366510950208319
0.44290317094925197
0.6417485731765225
0.14635216870344914
0.4351411394984139
0.5077068248699206
0.9621092030371156
0.8010067497821534
0.38168142460292326
0.06814914596867748
0.5729187391950905
0.06251883073371264
0.6765431747676902
0.07173627118762572
0.9383283541611563
0.6925707954341793
0.7261568954438602
0.020742045798834898
0.10333456203248159
0.3639267582027816
0.2596741094178062
0.05529954876205204
0.572627202793994
0.900052208912911
0.43173575391729185
0.25727912612919307
0.5626972597591493
0.9549934718293113
0.7540623791897981
0.48626663743227083
0.2202277979853296
0.27074366760448165
0.22264341133454071
0.09072687822042798
0.19044700826224162
0.6677098432980735
0.08583454378026058
0.27515423798613525
0.8207654540150359
0.6749809552980539
0.03947643069152819
0.9447234264642842
0.6323486242193743
0.48516175059442196
0.7263913123623221
0.009300713709037981
0.9712817450023706
0.8915235931252568
0.6607392165625942
0.39708852115655363
0.5569241620099191
0.5943817143264241
0.8576983581786307
0.1914658355043308
0.3524985767780737
0.6067553318417771
0.6695583197896043
0.4648101023303939
0.9109217485158733
0.5028775845456258
0.6451971982986259
0.2754956458893817
0.15329260001188127
0.08108415415303336
0.26446074112105766
0.6075917939895952
0.5107694257477096
0.9175356225228978
0.5798092063288306
0.025745854119159552
0.6356384967872549
0.6506772042436906
0.4223747549461727
0.21634225676155164
0.5688027478335815
0.7389992011544521
0.6475169228841945
0.2761409849588895
0.5295869494652127
0.48793401588242635
0.48584486018528616
0.48158080860945424
0.3609752844424337
0.13198216604888094
0.08082941116556355
0.5160802064299753
0.5968523461600044
0.20955294793665752
0.8304609009664962
0.05247401085886743
0.5716834165181789
0.6360758210931324
0.08332543175296092
0.01961152102518889
0.058351310843189175
0.4647181220629395
0.4823993906600853
0.34925644627279556
0.5873461483639644
0.2171324605100216
0.6229295796363198
0.3420929152350403
0.4409274130441991
0.20576946888951592
0.714690858329235
0.4243092817085994
0.4072804556897681
0.5336665155252419
0.5628934160305367
0.8771565144927684
0.5587304220693554
0.0346629132771273
0.31775156200284976
0.7199048085570758
0.7484788889872256
0.006486975315645837
0.004068649815033741
0.14918047437232093
0.8584713189212713
0.43613298646721965
0.8248500574639115
0.41165515611203823
0.8395357941062699
0.163206842092322
0.3390062837276984
0.44910681710745565
0.9130412307490667
0.2687282125807207
0.33705104696023525
0.5526610561070182
0.12482537095071493
0.7316005477145889
0.12034146367168638
0.8685854559386655
0.7800632598762364
0.6970041391657014
0.037169371339449746
0.5971432377656974
0.4892131949901075
0.5928356974599475
0.5478417238674043
0.35090228989107475
0.6516175263646442
0.30773973773735563
0.4450055516636917
0.7996816934257505
0.2760091381179812
0.7380574341966202
0.6466670230336573
0.9367171492610485
0.29592512924123043
0.49771471372216897
0.8036929680489893
0.5444749175596991
0.29155902539222095
0.012484143093171583
0.575391003202626
0.4243153462200309
0.6908008799891155
0.6336410188548404
0.317721880783445
0.3802259304802928
0.9023278487970658
0.9085316568404377
0.4315186878117356
0.5632378033187336
0.7094970540096234
0.6011687050874653
0.5982577991648695
0.2572559659150239
0.37083731483723953
0.9600088585969387
0.8821289176736674
0.4702336358789261
0.5834662669431121
0.08359550891034359
0.83279312120291
0.87068531222419
0.9671949627509501
0.45098498936734804
0.353953018365945
0.32532561735764953
0.20243633845520792
0.34379075971879725
0.8212297359383957
0.6046223451093149
0.4970341726679997
0.26830037339826424
0.2670585799096926
0.44617952683102374
0.7370587750955263
0.9812590345725921
0.2632451782777515
0.05103191247478916
0.27250488434884046
0.46034914394854376
0.6294452955572901
0.3919818473519013
0.06082779030108725
0.7174940828618388
0.02676198934605282
0.3255315590128775
0.05558138293452944
0.5512560173469222
0.4038217875747373
0.24492721415701035
0.5081372456402208
0.7735420401456816
0.6854728235287223
0.609955159655729
0.31710611050011966
0.8763113851662155
0.8171924885031173
0.06759081495034158
0.3419933602790704
0.23206660766057663
0.40423824952055293
0.2327100205958865
0.30113202377655884
0.37802903708911884
0.9622053173992624
0.4658968378921101
0.4720706030195529
0.41742123102798356
0.58638820565114
0.6781284640592018
0.7203713980771351
0.34905333576002295
0.7624926389977089
0.5088014377844969
0.43391223167444243
0.6232626778587258
0.43780440303016344
0.6283525910500816
0.8220681164955161
0.024915580558725905
0.0894090179112218
0.6535685373442396
0.38478234014523277
0.6777689964939406
0.8029565466918988
0.3976562747763656
0.6848034956283031
0.11738010379436234
0.039941256590183126
0.41538017657473514
0.8885853691368523
0.13982376693105977
0.05653739700496098
0.6266663231977387
0.1477411623681063
0.028429857791063173
0.3323972229085938
0.23553734498199516
0.21608830436339757
0.5045778405596706
0.814467308135601
0.8649233841777713
0.5732414594934024
0.09429024949180699
0.20689509126485525
0.7268466633105848
0.8733958150047707
0.0461897225813235
0.6236892520097603
0.6442940501012453
0.6115865990416707
0.8993814270342839
0.39977134397091985
0.5433310102244413
0.16756134679212847
0.8544950711739594
0.42955827310810796
0.5003378621598094
0.9414168893528981
0.9325963061202308
0.34229331843438787
0.5266952161231602
0.26929516736099623
0.306809794547183
0.9616127478509267
0.26594415135387783
0.11462567657288844
0.41245756284672064
0.33469927759074336
0.12740490561343568
0.28483070145799766
0.2640372345902796
0.7475330624077958
0.9813679051628099
0.36791589399567526
0.2861395213510591
0.19195930605574296
0.14421316179190155
0.6237243967745695
0.8068353296775915
0.6530566878812449
0.7823237052591134
0.5012753347110487
0.5409022716533152
0.30634875189874305
0.24391032615720556
0.8078350926273022
0.5669618747136578
0.43358047823103835
0.18912300512417077
0.6652551051495454
0.07106904015140984
0.02530226360589155
0.4613357647910865
0.6867798549096957
0.590043037744395
0.7094731777394879
0.13952914732409982
0.18767851872889302
0.9270555898186711
0.9298620127448268
0.3895725004906185
0.8127628709404205
0.4794938874452463
0.8906761390064418
0.7911637125608667
0.5970694553141946
0.6035923199182609
0.28197892644771405
0.9374375329312523
0.7391330584198534
0.5788393522764029
0.5721658606782432
0.8964237593989901
0.4667135424155741
0.8185871955057774
0.8532874364772892
0.4985871529049041
0.361857620109485
0.7945345444051174
0.2212654171169147
0.49410435329768587
0.160226475334364
0.2116202076621733
0.13568541464352488
0.4049432092697165
0.4893409526396214
0.3092209211245555
0.09752438141308337
0.33822041230930666
0.38244392120600074
0.4912870427185072
0.3331896834914249
0.35572983994064145
0.5153071650089386
0.5536347462628367
0.5309395083963729
0.06595893556492682
0.127016627365787
0.4844280602603124
0.4142803944842625
0.033028501401503305
0.9773684778896989
0.6201969676268008
0.25586084286662625
0.4358859349940476
0.35899801304517254
0.7772172948501882
0.8095971743479075
0.16797638952419597
0.4552550882088076
0.3094594994330444
0.13753177190480945
0.05000025874525185
0.48902965756575245
0.5456340122401663
0.5213804864809736
0.7594063691003412
0.49254454762902794
0.8001884780349139
0.5325694684974797
0.4273934083571499
0.5793138263888143
0.07647103767583643
0.34509048186183283
0.7120725269651166
0.839533063891316
0.5432178015325083
0.35360522921152265
0.48888012138980447
0.5183533220477112
0.8822912757699806
0.20215517659471358
0.308021284879245
0.6253448387326531
0.9407239524930089
0.13738819548627956
0.4280674760574597
0.2376248552684822
0.8360891440849886
0.6415717864604811
0.5727524091137773
0.5350285908847789
0.000789627973632748
0.6016686756362183
0.8988751299847595
0.9755950222924327
0.37015781342313375
0.5658063887635332
0.3101365789764659
0.06266254458421264
0.0673702533639785
0.5545462774192083
0.03688977380287137
0.40343961308178783
0.7015385532068168
0.7163712428013224
0.4912169348834836
0.656836644653343
0.9124269499971959
0.5355858698881052
0.2156786411918308
0.0626863035474561
0.5046258553947014
0.4707655386165377
0.9850865588187461
0.6658186345581404
0.2031276863199382
0.5960076419517237
0.6883789439657855
0.4837695449057847
0.20209061297904446
0.20514017286699074
0.35348047817517775
0.5755276446353662
0.18040073808786844
0.7008477816265745
0.5952393971697698
0.7138820958232478
0.018646156885524342
0.1236465918302203
0.10260236145893449
0.4696090898597507
0.2728420244342197
0.794479519240661
0.9380923673889249
0.07383709648567034
0.6919180301335456
0.2990059856774001
0.13147882893617
0.1482504118349825
0.48267300909618904
0.36854450297640756
0.7205689686431586
0.09447211398585162
0.930298053174073
0.35891775666424147
0.8316183233523717
0.5521089218382231
0.6299655424834745
0.09031935470496905
0.4546900767098723
0.9091168295057935
0.29644416461002854
0.2981311683066368
0.3366378467799696
0.4134969358939901
0.03878261158403564
0.5562108410371867
0.4776041593955492
0.1669933282626892
0.1656433984874681
0.6059721533925434
0.8019090518032812
0.5120477041402317
0.5296643727073539
0.16317234218383259
0.11296403403239841
0.1742227766678429
0.6234346999842835
0.4505349708811685
0.4669788224211687
0.8091152668171279
0.8772606862509752
0.5091671885763733
0.774572515742765
0.8328206806632177
0.6905976318338212
0.08192491048179022
0.9688848739187709
0.07943278068145389
0.6787008075701875
0.5209026650502534
0.8196651743789349
0.20596822291940284
0.3417974755824257
0.6749503964364458
0.7058740006862364
0.35768102741114555
0.6343116629030879
0.11559197894811238
0.4949127954957778
0.5914541485104133
0.6489829487661648
0.485533112025261
0.19082618419627953
0.7218241869953524
0.9166921075054131
0.6314358210679681
0.269611855775315
0.9192352098537614
0.9248361466358612
0.6103204816219325
0.2889305720230257
0.14616875621011105
0.4920975333305219
0.2818661175116312
0.5669843737445875
0.4694474760651049
0.8476434561903115
0.1507587586487701
0.17392684028894242
0.2346059128389537
0.027996710536169728
0.6179787273305921
0.9797178893662178
0.2684102410124049
0.5533719581982967
0.5178634523514589
0.08344366155661634
0.885047427158313
0.7106391437686967
0.12648762079973352
0.7604666171914476
0.6178213455425875
0.47822529232484606
0.5400440032924083
0.897119679146313
0.5525878862890373
0.5305213152890946
0.4342878917977614
0.17045478034982875
0.9225603295709248
0.1950568377843963
0.13886973580236356
0.10280036062137246
0.7195071344191653
0.543681996570156
0.47710669775307174
0.4494479756500709
0.27957008907469
0.6229460336801321
0.47699594867155676
0.5393483720736866
0.8907173748713827
0.6966893434904362
0.5394561776507183
0.6853217700486468
0.5196253334530597
0.5422891350710914
0.5034210196743287
0.7227961301740409
0.2338412137395417
0.6410338432439875
0.45649962319491416
0.9956025033919984
0.5645648376825204
0.3838444119435045
0.5333465236256422
0.919138568992938
0.6988129219841196
0.5963449045575044
0.8197441220885655
0.5921329683461121
0.6391144406921292
0.6916706923713739
0.28361322006193235
0.33725702002526825
0.33645074021587124
0.8298117032042283
0.7381685385303133
0.05738552471873225
0.6221563975042139
0.38561584365449
0.40963257228495636
0.4789750002127142
0.1699196497467109
0.9089292639332669
0.34009106061278377
0.4737324602408359
0.1873962491622323
0.48197257540262955
0.8726975709175868
0.31012985429889045
0.23978071019949648
0.5343768735606184
0.9343490974038025
0.08510472386712145
0.2939030129652283
0.7452211168409464
0.7109104660154635
0.6258214655568489
0.7902805882513536
0.3177022020064164
0.5430932071822484
0.39873818035157205
0.6309744875342789
0.16404942000689374
0.8875716012538304
0.5915305922703057
0.23913920036896846
0.9945721758450774
0.9632538852675308
0.19633674384643185
0.6072137861217036
0.2600681969111449
0.7906905766090359
0.44282478792451546
0.4696443988673965
0.08944517228494163
0.6335444133540961
0.5270020004875103
0.3251529999551323
0.3167890066491599
0.581968335930911
0.7333024209127618
0.11188065268020134
0.583046674185864
0.3873625800714382
0.9003058742089152
0.20376168417031792
0.05873191911213086
0.14960405237065288
0.2630453521005539
0.9435561316177459
0.7720697936058794
0.33819957995549277
0.3191136103272009
0.34945731621583265
0.3769567153033412
0.7765151203409727
0.19799601457525676
0.15767351548233494
0.67077590944042
0.6474667954849195
0.2644227365954827
0.6311483784580361
0.15763273724333893
0.32626902315829087
0.35146935593419343
0.27991606577495626
0.033069458932968004
0.6261713992222847
0.5953488450314961
0.7324238319502812
0.4999609726032775
0.6801751262100204
0.23508768131396496
0.7425441358578704
0.48677407992280275
0.5706465664822093
0.09250180362979003
0.8967202211152244
0.07685458502389111
0.28983834979581385
0.01646127849255316
0.42940882440764827
0.5186851411813391
0.4815201957689799
0.3463767125458539
0.17566694232073884
0.6023725602778819
0.9993087921046274
0.4893715142078693
0.6339873587383609
0.5344415532304405
0.49090199930816886
0.3948461682122554
0.9361016382396485
0.029058265530840687
0.5509693775124113
0.897682590110049
0.8823726842848666
0.5719258195469156
0.09373493020265905
0.21150392858580683
0.47521910382270716
0.34709142067527254
0.7962000870747328
0.49456811883871504
0.08148402953845699
0.5761986463778652
0.1453323284317486
0.41057279156446846
0.6679373597123404
0.43684710516091707
0.2705256772510983
0.011636990513942723
0.11885288549216999
0.011051847260353858
0.5077712954520072
0.15888132624666523
0.28259068511718166
0.9799594175009773
0.9186264548003923
0.8242591257045221
0.6800321401991565
0.25145112407219544
0.8335898222300986
0.3238917153661279
0.65193598706586
0.07045124436865642
0.6830357494258608
0.997072130499485
0.4759891778659965
0.3994010131413736
0.6391854567477321
0.395424615025556
0.3231843007272221
0.3824108383505723
0.9247550942670714
0.028134078925746563
0.7182421684559362
0.766876820415813
0.009153746157747418
0.627041735585994
0.6736658574831228
0.4603756951281917
0.6441329579856954
0.6997530582306306
0.017521160367159658
0.6086466929431066
0.7767412937016606
0.08050983220423666
0.6593204663010989
0.7373082739811744
0.4442349175128573
0.8789022839189553
0.48462446465221304
0.49586616627309954
0.7647154668442425
0.06741078293851241
0.9146790430461119
0.43643839952220254
0.6679566169103475
0.7650936004873928
0.522415847209063
0.011828443365257508
0.03688241744452301
0.5483730382325787
0.5466015345702631
0.8393123483145235
0.21682728268997453
0.13258418042248554
0.30784727779720267
0.3447481242764647
0.651268237017206
0.09706131340326672
0.4983001953974588
0.8806098539800942
0.4390247982332415
0.64466429561022
0.40076160203995265
0.21405191811882832
0.8149566528128092
0.9106771169133192
0.6453987652760802