0.9969936727593759
0.39855903349388117
0.8942809078417063
0.08249241521885736
0.545893879000098
0.9757099277953188
0.6021647591649215
0.9984640819692316
0.8558082323367281
0.3878412789080869
0.497315073897789
0.6717743095039875
0.4565576175272434
0.44079194314418746
0.5001613370473937
0.5806828771535061
0.6399000569387052
0.9364685102186265
0.23357609645650512
0.48682653676738874
0.33254530663268617
0.5556082039340504
0.16661843528945658
0.24192457486992278
0.6575160101667699
0.5000860059368936
0.032898747646850655
0.6349249934877172
0.8683047854827082
0.736594753813297
0.6451140393036925
0.9864279483077139
0.2886492034812929
0.30218990850101946
0.7270929700219062
0.412432770388677
0.5629302980041703
0.6299624676064217
0.6160988404409389
0.46931068286146166
0.297287406602143
0.635484443135469
0.48385620776125393
0.4174106824118379
0.15259796220075852
0.467411643427976
0.9634058628657288
0.3939760643193671
0.20202762855505388
0.3984018601732358
0.7995788393152616
0.02152209463091175
0.41096431944737155
0.20420562690377322
0.19724226360873193
0.10846288999675092
0.05531225889728568
0.6777957166953046
0.6029554467784717
0.028503719562488546
0.11631329200161046
0.8172133439173734
0.44062937286753984
0.8584695948283299
0.5412404453271
0.5642755806915324
0.8048131422814117
0.01415576877331159
0.23050736126771731
0.7105749244661874
0.828948836112432
0.040783395824231454
0.844364962755716
0.6618888130610143
0.07944061919452115
0.27456617287361484
0.5904726516940781
0.3898232694121137
0.6845519568476753
0.9415798761279982
0.5606092975426495
0.5903932466502351
0.15156045807049348
0.4350194772168913
0.5748662492284718
0.42492596563412105
0.5101380063777166
0.00011810320201961018
0.8646390021192898
0.3171512731114588
0.3957159473371254
0.5355595265859788
0.5649683841087486
0.7604377030853936
0.05328716128010248
0.4157400217539744
0.12344315593154395
0.40761678577830107
0.5843405179301355
0.7900676964898472
0.5802359339179453
0.9930195612903513
0.3529359501481187
0.7560715992363563
0.6410449250413919
0.8444875308939699
0.025476541181422983
0.5370985554034803
0.8716095180339496
0.9748754486696442
0.5917692901228907
0.8892253048800128
0.6731292839682569
0.5145190599677064
0.6984805979561345
0.5569535499349683
0.46656876351304
0.5036789330893097
0.9105623063327041
0.5475060704646998
0.6915331026822653
0.6572015970673161
0.04983096539098803
0.8587792412046538
0.9182769809637146
0.4019944488256086
0.5261738160903539
0.6315371683825063
0.4550647603927807
0.6551698892402698
0.5623254950404533
0.20330933511450153
0.6157344898530209
0.8695554402561518
0.5480629210666161
0.1782982283227709
0.0547677387805256
0.46836135194887357
0.896444328739072
0.30314672333976356
0.2850234264334589
0.9678353707251931
0.8231864717864034
0.3767569424208182
0.6260450384741604
0.5319046236602333
0.4993219389344138
0.14683246137965555
0.9141840660367898
0.4371700248973343
0.5338700848820094
0.302262216794026
0.19231850705296022
0.4186990642433166
0.45662173584447024
0.43374881237924623
0.5148823133051771
0.518740477251826
0.6393291269382245
0.6366719016577879
0.6380771652461109
0.04111754925335699
0.023652047242773293
0.12681052026971654
0.5818131396021397
0.5568397664861141
0.3169722397110262
0.9414451300236397
0.7541016589418386
0.2357137141890201
0.8094346433032923
0.5713742619642956
0.10634245268561034
0.11862883446706476
0.4416243444320244
0.7621338556262452
0.9287629597683118
0.6369662107728632
0.5673202450247963
0.3179545498624802
0.2855218961905012
0.4245830958502786
0.09041369004706774
0.6130916097756799
0.24184654852287227
0.4682935716277015
0.3050240342429216
0.4420310196373327
0.4625825178535816
0.1844120446155259
0.22010057108674014
0.5972575439754755
0.07848209258448496
0.4192250429331015
0.6567668614728374
0.22420595056597584
0.3874546180596067
0.11022081473362193
0.37072986203166575
0.1171589978076538
0.4737179125893008
0.8475465928516734
0.4319082592235599
0.59239500753015
0.6803552340890912
0.17286429138840437
0.3106556297723963
0.8152518603530308
0.888574830076195
0.7840120394174313
0.9145156393104208
0.2525736542985672
0.5225138883517355
0.3679812749098007
0.4936951963781062
0.03013472596726208
0.9766744482624281
0.5145703962962299
0.37274720551961
0.33816993020371766
0.8209184036550056
0.8485459762575236
0.4112915086900785
0.17324340485480516
0.5998068482242759
0.3073513523002209
0.5481648398417036
0.24875070431839655
0.8441976846638203
0.5605231992010505
0.905401513298195
0.5698707265154054
0.39901721256909817
0.10080379159892638
0.7316565651207025
0.9764926174137162
0.45399453530825246
0.7225323842384934
0.43004575630517583
0.4728809246480043
0.1927403456706061
0.3617898627948834
0.4088053093798314
0.8938633623275402
0.3991584434436423
0.5650073605524496
0.6397331002168277
0.5896404308324854
0.7526213300391724
0.6470764403103251
0.9048906519271922
0.7277505142277704
0.7872818575928381
0.8503975268358638
0.10753075916038203
0.06697754991639099
0.6015743705701412
0.20790812577601933
0.39557576191272714
0.6462709539194119
0.9717025061351144
0.5321466421236949
0.06827397881865004
0.908346197258259
0.21987074980429006
0.8515583023518976
0.6276574175016071
0.6880661729413021
0.17019976502946102
0.8880597192491855
0.8548071301863324
0.8408458571598115
0.4617552109659062
0.7120295696951137
0.7389261423343717
0.9649843116676056
0.6281126675089407
0.33149178022418463
0.7073986009073526
0.05913934474610121
0.5503555990148709
0.39861944810309047
0.5930135377993638
0.3324279119184552
0.17815288528028617
0.595558297208698
0.4367786536378122
0.2074291894267271
0.7313672056379652
0.16462370864382134
0.13508358024523354
0.6741578851460757
0.6436659669361133
0.5732689282421167
0.6288339490061122
0.0892765096941271
0.40084203090200826
0.21524276931723724
0.1155424322216572
0.2962183708606244
0.5731327422950602
0.18088982765308637
0.6530884298136058
0.7695627060839263
0.053010942690438066
0.36964395990978455
0.999415163914133
0.42369293146726067
0.5304622933101827
0.384398232993268
0.08858963414717157
0.9356232182363202
0.4848889310055932
0.8133041665105923
0.4066115686163023
0.7985974274560387
0.2596367433110076
0.005060640611140934
0.9803309175236841
0.10339150434065877
0.24698842829888987
0.7132843965990723
0.5961863227080393
0.5398165747822369
0.41844476245723905
0.23267968051051027
0.0387986032531179
0.5338562810098159
0.6240664844681154
0.1104664171409495
0.04096347456405916
0.37778746983983086
0.3303703074728686
0.4727027343450276
0.6589903941801691
0.2998277310791619
0.910259998802534
0.26347766673180906
0.5723286874752577
0.6853995436413678
0.7651851042028535
0.6127947383460759
0.4825052183361289
0.5515590176652085
0.2895997118112039
0.3960765097162548
0.11481885793527936
0.25634685938394713
0.8998212082608993
0.8230241954565027
0.31178218868445856
0.6858013489789041
0.831184588690589
0.020647361087691177
0.3406284963465105
0.8722741763542105
0.4662019533476823
0.2769769014048003
0.4981881626683038
0.4700582795298518
0.027716057311195055
0.7331310539531429
0.12330966587392543
0.2556429017328841
0.8602491795292486
0.6424490963940225
0.4815789498155274
0.2102318507036785
0.8417547880517728
0.07428625824273796
0.5008067386993792
0.9750756204243411
0.5946944270301883
0.9951541868540366
0.5052404909426323
0.43228660775773164
0.7905651088455568
0.8543223826584322
0.8316343898443904
0.2648227397963104
0.6071853334457002
0.38043138289404926
0.7533246120378341
0.8558204172655143
0.6618670655935252
0.7245414412959099
0.5045792697588432
0.9937298669709471
0.38615609302450266
0.6231118287749944
0.4436119501118062
0.3450524600888733
0.1920369537948727
0.6138735426570044
0.5247599313901768
0.1613021303537561
0.7527849001845361
0.1496851383030381
0.4409720150004446
0.1908503818179983
0.15815810466743738
0.34457350712884915
0.601202747272895
0.7957905985894327
0.7051078188787786
0.8241824800061666
0.7460116883786607
0.6186887567140209
0.4561612942315265
0.9085948473594904
0.6205872374833381
0.38036533866710337
0.48415448536406025
0.1900574112377571
0.5610044830918649
0.035021076003427465
0.4220815630390469
0.24224405379255787
0.7574007396578577
0.36315919315286976
0.9236325502692734
0.2205868481272993
0.6451594663290908
0.5611297796998385
0.6001483909831613
0.5136626792501612
0.697403533898624
0.2732016299824893
0.8140389572743947
0.1589238338908891
0.527236469352174
0.3525655790056232
0.5130925002729939
0.7083919274678784
0.6916697576667977
0.7537276425238695
0.5575783533525162
0.05691228736950943
0.8859371674140027
0.5818190041321507
0.5694572894237319
0.6216891085641006
0.6927282022538901
0.49703413131839674
0.9490972769217602
0.8809970734995853
0.43995522224776323
0.5211114306638268
0.11157781601953243
0.026191829115850898
0.21886050062771467
0.9548255013527123
0.3112985401648332
0.478883152118819
0.11257584242652546
0.9185560215808312
0.5901011165443272
0.11300158399481576
0.43049826342004927
0.5615296353315944
0.33500747449793833
0.6525195289066767
0.777012685957937
0.1920821008804464
0.36722363700345584
0.5043522771425863
0.6418138929142715
0.4501874810438
0.25517958251271
0.6208981165005334
0.32940829808239264
0.7818578359832784
0.6517391022614133
0.23757017669997466
0.34035514806116857
0.08071331595771239
0.2347078389559025
0.26589586146085303
0.21750590659943322
0.7139982060811599
0.4307289275983726
0.38779545086284234
0.42318710925530023
0.7421885622936263
0.34141594318589497
0.28762020720027553
0.4881615033236713
0.029129308908028007
0.19521503687311328
0.21052051062410082
0.03593069270926012
0.4636977377894585
0.4158700817578057
0.8591895881388836
0.17552369809444499
0.5275934628906129
0.5932710217234476
0.9403513159258152
0.44606904361853966
0.5745110867001814
0.6628398063476679
0.9010998179130559
0.47048073260614187
0.4876790608452575
0.8584354819772206
0.7119229532968178
0.008363123475913885
0.43805856717478636
0.8604742319888832
0.57463777928087
0.035980123913246745
0.2734454411189385
0.744195722469739
0.6807275336851278
0.8865088112070435
0.4368335564769001
0.19550517522140173
0.728853383481673
0.8951673619414322
0.3271069682250109
0.5762443869978291
0.4592637368341203
0.5497749823347655
0.8038210163583819
0.54386156549318
0.3996134359207043
0.6859489052037062
0.4381680016267944
0.7919750433292633
0.6789556633064712
0.9366665686870889
0.7942088730541911
0.7967607200923087
0.5606257058767107
0.5792376708259265
0.7521403424096279
0.33597195105000766
0.3135172765853957
0.8029768527193911
0.2172177449006848
0.5407554536724047
0.856479471835665
0.570123159500599
0.2641959746727693
0.4894972943832767
0.8826343433063591
0.7782380642035883
0.7591529429843322
0.22638862756522693
0.9278535033370353
0.2942543189989265
0.3100142049428847
0.09457782149544369
0.35173634728657666
0.42055962634295435
0.7366992141092478
0.19508879256291942
0.7521794949282168
0.9068149271879267
0.631063881353099
0.3591619159534187
0.7426033328176275
0.03597670731261677
0.3399555188505803
0.6461469326009719
0.446865285585601
0.22265887205247195
0.5720540986663303
0.28834941916615175
0.9046035305138652
0.5456747370543876
0.42081573227348334
0.8948093411107434
0.6516079637469774
0.5283061029029555
0.21843051386323953
0.868187652405335
0.03607406800742438
0.5734149551589303
0.503734533931588
0.47203686103517295
0.8763868610408444
0.7166956686718311
0.9424518454905529
0.3990078450177559
0.5202059264611602
0.430916738335036
0.4951247559390125
0.5396170991499347
0.3633674649515054
0.16364312700124742
0.8894041009519911
0.07428277545813025
0.46855028901801793
0.42021645177324357
0.8516703720134798
0.3625643914490128
0.2831731728585637
0.5825612118390625
0.4798403560006955
0.7575303543605468
0.23689135336546532
0.5652180301520391
0.5710370779857759
0.6730216650809333
0.7218138030519043
0.9903394760035664
0.5610293807841622
0.5458042848774236
0.5695435186309381
0.22001820743922954
0.4219572306738031
0.6471610199675623
0.1039848779972141
0.7634014080171893
0.6414340171180698
0.2890533051356433
0.4459437774941634
0.24546209114282072
0.24843564705348822
0.5633966812882295
0.5521397150585051
0.45165903708386906
0.6669363625021785
0.03068522948782805
0.6132468575960651
0.9163475497209286
0.32631006868208734
0.7967753682135091
0.032925362167694955
0.5607821122182967
0.7939373043142293
0.18172923406723773
0.34337908661600874
0.6104673430752732
0.5622078222201738
0.29845543579385236
0.8627818737073871
0.1300656421505285
0.7027026284066212
0.5025374736355698
0.38647487459578406
0.5051398413871219
0.9703805050470484
0.09278761030870072
0.08442567705496215
0.08096651092734172
0.6956427984906091
0.7151320797318056
0.22292050113447962
0.6897930933451651
0.42463556582767736
0.8824387458836201
0.38164116273857235
0.3545653318449871
0.8304856054952907
0.045311745655437094
0.2632928288595859
0.43991030255357166
0.819968915654608
0.38464104944283123
0.2926080841898408
0.434503472121454
0.5045704483143248
0.3380203961461779
0.646901036699378
0.04603020838841135
0.6886145246881569
0.16065789832366031
0.6960849849812436
0.797320154338439
0.3494014308685083
0.39572446746273787
0.6811241873271864
0.08474663734110376
0.32421638183337503
0.24052632136347002
0.14531446665615666
0.18547869271419093
0.263748188093235
0.7518720822329271
0.4560828765640675
0.4278984875967391
0.3615708158896577
0.32532369679493955
0.8126072635812739
0.27465328380958437
0.6471721479116378
0.01852297195107402
0.015146979287981624
0.017614395606837325
0.6150964672162131
0.5431230804904521
0.5245946818628784
0.46256631733083126
0.4663307567722266
0.22808268451005229
0.9009866511773359
0.8064020960921757
0.1899626911885419
0.017400693802207396
0.020733015258096094
0.4639974251733313
0.39822185321535
0.34737597346303756
0.3361746449990208
0.16226872394894057
0.3484223079644518
0.36627172796700774
0.877203832586453
0.08694400151270043
0.3198980851792767
0.6122839500432643
0.5406896163329368
0.39379885098710643
0.05005300755023165
0.08650825632050542
0.38449308171900926
0.6605804786343812
0.7332783207069027
0.7282238580083827
0.9416654040887293
0.2939260378948221
0.6831800295130478
0.6650903167906504
0.6224314174717239
0.22928893920923235
0.9535070857648532
0.535934064612379
0.6087387272581438
0.48011815615464337
0.45145678567403646
0.7578683745739838
0.05002262711053012
0.42606015163473193
0.5029186512377308
0.6175090475046802
0.4470397768249645
0.09410263733815188
0.7843067486080033
0.6118158041935359
0.2087712914196786
0.566834089077168
0.8088216960005961
0.8312247835622182
0.31453427650168175
0.6745712418912687
0.7750423109921153
0.6299219416719274
0.5230159248782738
0.7208818074543194
0.6365682534970943
0.5852474305803823
0.08327028503769834
0.20795868794699665
0.15843021580170324
0.9812807502765035
0.5763013746062099
0.5772058594722527
0.4456493064782693
0.5892472537469388
0.6849065124521181
0.8514340961394367
0.9441071078734978
0.6768561903446274
0.8908674857499165
0.5937979156390799
0.8092705557989979
0.7272034948007913
0.6994585185561755
0.618639992221709
0.5017002367891619
0.20049528613848086
0.3828493256602987
0.239807393434151
0.4884924711676714
0.3082451264590957
0.18916672941715476
0.1635085803971055
0.8245361363250369
0.629435274260968
0.1962186833505965
0.9106942984769604
0.5022177374712707
0.8056456548317712
0.35174133945493175
0.5094704257481254
0.1074680422984707
0.10227225421764347
0.10686203809905996
0.869351245819696
0.9527238082371152
0.6540531989256011
0.7502759789509199
0.6845953901305646
0.4057725993670193
0.021547432619648067
0.5448032294241295
0.26130147306486895
0.8686310922222802
0.3878429585368742
0.7184465985897718
0.12558915795415096
0.55316128431452
0.6554417472398668
0.10445109041986432
0.1096104148060646
0.9102212475482425
0.7906399554712727
0.24159630195796764
0.14153381116867234
0.19499794431765177
0.2717286351041954
0.7612875471856949
0.509151939459371
0.44900957287324844
0.38819786234428916
0.666392460089879
0.27396274268552895
0.4477070000358536
0.8626915334522391
0.43605239558834763
0.1094655375457885
0.11170466311948336
0.21635983047081625
0.22133095695057872
0.7588455458719888
0.4528923455342498
0.7445051836365602
0.4463749214434188
0.4321652816702496
0.6789724033453668
0.6093722487815805
0.5052234308033959
0.3596581867513164
0.4864731547725445
0.2971360919296254
0.5367499317351399
0.5999661083253461
0.6388380380474165
0.17310502782160012
0.3848800326033166
0.6013159655072545
0.7271144634047092
0.005595853638385271
0.6124707948874235
0.7859006039506644
0.7915597349840461
0.9091885980377531
0.4068626235657838
0.775598601179
0.008869860442691144
0.1432760174844723
0.5042757597245818
0.3948247915817163
0.5147388760652076
0.3754721633652117
0.5381648896762168
0.3703119001288083
0.6482404828859896
0.339650105005617
0.2925459125444174
0.36575940310854943
0.3018042947150399
0.7132287920353236
0.8173797041984138
0.5330114209637474
0.6565724220158669
0.5930134224375917
0.6475849341514803
0.7361253950286195
0.7330377786298815
0.2046011977862741
0.17134389971322794
0.7292304951717146
0.351757205152375
0.34797932512585333
0.5252020588337557
0.1780822866100658
0.7940299717478493
0.41548647497212055
0.6176660648666285
0.4298326081654697
0.7009465762968445
0.07548971699899953
0.06130821721544602
0.5240619983538307
0.44559880262771395
0.6752330128810342
0.09895686762293349
0.5128043322903266
0.5709311696914179
0.17431698806517296
0.7969919220275511
0.07684454327926848
0.22370110595332315
0.36972593548340266
0.5210124404028609
0.7765278148709799
0.014711360358072084
0.06759278037166683
0.592401550525518
0.24612633216077864
0.5967913172039739
0.6914416797364844
0.3298659140720247
0.6457903148346361
0.48001842328350636
0.682487532011236
0.6364577090723745
0.5126135587744758
0.6139130338415677
0.2612553431695716
0.7110915523533639
0.6875578826454349
0.8608062114968446
0.3805330178481302
0.8506795943367561
0.9084761668393325
0.5278621522802235
0.7045481104595757
0.7256061183024556
0.13944858571228733
0.3244821270409927
0.3814361432220672
0.08503661404159774
0.3172682258020892
0.7979370452287612
0.39725506885745704
0.07928200766648645
0.9321688005278219
0.5963091074824686
0.16179181609206422
0.5781019791980789
0.9467359045641709
0.618313988625817
0.8691179326421089
0.2703982450549627
0.46254557474851526
0.733077917204112
0.3632652823945269
0.3690613499644859
0.590453294116314
0.5024441363568
0.07193534802037609
0.3617333690424675
0.011460655834612397
0.5648138533393091
0.6944928824939751
0.28590478179122186
0.8384929084707787
0.10951209936856005
0.724221480162122
0.14945518344285635
0.6214343766733629
0.27364629809626384
0.17532564084028754
0.08293932633656684
0.27889309464898027
0.5434713425202481
0.8174109394690333
0.3581759065373678
0.5074643360995251
0.5335883014662712
0.0965615917290375
0.38548440322957367
0.24615561058849839
0.6643494822496855
0.07125866992944246
0.6665328990860808
0.8979712180296224
0.469304131927944
0.6448905801630062
0.9584908153419704
0.9976142279942714
0.3332347682389397
0.44417030188971157
0.9061082544992998
0.7001263179797673
0.6179378725183615
0.6693434787688877
0.38014181090637095
0.3344385293256841
0.8210382496961315
0.5835712565161602
0.14865026335269058
0.9309654412815752
0.8278251589416078
0.7275774691198164
0.9393900679040543
0.8746511801455509
0.7171777903466675
0.4852842344694429
0.8879337730531209
0.2530058087156946
0.29286900756528167
0.2013019643092009
0.7466092720187976
0.8665935702870758
0.4159948965656272