0.366676858588473
0.9300759697788428
0.6928092442855883
0.6299445222633966
0.769707595537922
0.33141493366591646
0.5384808594640275
0.4659451621602042
0.22122052452362775
0.8981926632808848
0.607551848040936
0.8307100135185771
0.060159013823276694
0.025990905032500712
0.5323684097059068
0.6991657915940227
0.09642437483501226
0.581201107582241
0.17852718736547438
0.5771219693853064
0.29304201279469516
0.17048321056505977
0.20863531090331838
0.24872534610938518
0.3656521067157117
0.6470031981537382
0.31285160473432744
0.8019021018829467
0.15116253077089006
0.901855248880209
0.9461181937153564
0.5677252014315504
0.034057914242319146
0.8149151436825507
0.06799719979173509
0.1859871653679821
0.3795718079909221
0.44533695045525024
0.18263179828283668
0.5519185063750279
0.13738340763827694
0.6820015777546163
0.3436746217182009
0.9535477569847344
0.6987120624738329
0.49746055266617656
0.6549177729622399
0.5464474481617215
0.6518698314133395
0.0722850988975781
0.11227044512749855
0.5518145693546298
0.6272850577466287
0.46481404490068906
0.44432947558561187
0.17274391701726627
0.6946856087952993
0.6280914123813087
0.04357823717731208
0.3793012772862275
0.300075436552417
0.10007825371493792
0.7050267118122641
0.13165260386750186
0.5411176361964274
0.5277466311288234
0.765229266293466
0.46811218522852055
0.8893395227862805
0.3662916371990414
0.7497572682852909
0.28730350496289286
0.8417018113173808
0.2345881789303431
0.6151352423898453
0.4728893361022655
0.29907822285829977
0.0020171191295082452
0.6096576572442205
0.19899132074881418
0.22025099357203023
0.6779849309729344
0.29298655545407154
0.9993000778609098
0.4528212401369066
0.808882958336292
0.45404676206971184
0.5378430845708669
0.19237516649140174
0.5877747731266183
0.31426023032897954
0.5235479549332287
0.35234307370183104
0.9193731967075566
0.5104608848650994
0.6004396079195917
0.6998791573821782
0.37250686231255586
0.3394804633498763
0.054061261654309474
0.4899610039104232
0.5961555311185432
0.04407614707363277
0.551242310610149
0.026311142221781714
0.6422940830183735
0.32796387099762914
0.5003015876219697
0.48327373756469827
0.3485132040950069
0.8858656817129479
0.6539716066606758
0.2996643962705752
0.2670058427409493
0.6191286660884621
0.9889718870277434
0.40082206879345217
0.33739327728284024
0.2141525168173334
0.22092076770119695
0.061438164701942605
0.6304702407014132
0.7319762841346965
0.23572216074476743
0.5361306968532129
0.7591161401221735
0.41467855594835845
0.22574952182691524
0.5567303098220022
0.7178264279663568
0.3380161059892153
0.32797675686014277
0.26572294785371997
0.06074151875017886
0.6100476457215873
0.22523674476686248
0.5666146310951233
0.5591887291939908
0.5918151281878785
0.6087699015589604
0.25758380573073875
0.5170165925191945
0.528687952988968
0.7275171764063116
0.02736185305607514
0.14244824765269457
0.4786216524044472
0.10595847224226973
0.6189048148309261
0.7559014211097524
0.7632760358510063
0.35416774452747446
0.5420141648989732
0.9361740562086504
0.46350612795677765
0.7179744615386565
0.02659753240986781
0.32403896559731415
0.1268725463642127
0.6675654265634642
0.6017738071061908
0.42381923177699027
0.4315316132134893
0.820691938091786
0.5513859299235215
0.5700904532014717
0.3598399945637686
0.29283110447111355
0.24935300117744894
0.4777913992501426
0.2058248375093533
0.4984827601125477
0.6339716351693113
0.7119699482033834
0.25475323421997065
0.7590021163627519
0.24785166262437971
0.9600010417949255
0.29627606630650377
0.41756634978631496
0.9588025864790624
0.5398940037303871
0.27420957545770924
0.11997375002675165
0.9312864646407935
0.14284894843062085
0.19812935791281144
0.6545148950465819
0.4100690084520845
0.539916172261358
0.4809839882942833
0.9484436935741086
0.7313156200727527
0.7491462347947728
0.9545679236106899
0.21715514678668488
0.5749507230238187
0.2954211577170404
0.6272144728211848
0.8801448032765232
0.6129401200258207
0.1878789878112844
0.5797778154654276
0.5685066662255679
0.8782216848247721
0.5781866062791604
0.0774116378793454
0.5486534060258382
0.4963129715594227
0.5249840075479459
0.6906404144869056
0.889188292341076
0.6418677607970691
0.4951244874475023
0.4470410728440909
0.4789513261202996
0.5137955502669921
0.006100107415677812
0.3845597927320652
0.384256218693898
0.2413703969631888
0.22433538267706615
0.4258308975910925
0.3646224678523114
0.25860430234171483
0.3128439207635901
0.014398728257645597
0.3179718700774214
0.507545548582798
0.3440729920853725
0.5114174447422513
0.5413835247728697
0.7785452248653003
0.702550993146381
0.28867389886890954
0.6287039462255325
0.6040178491657217
0.22010419160677153
0.5491269901880426
0.28100901675561457
0.8483824351428577
0.56534993204182
0.3396977734808025
0.5202551545558911
0.8545698089708251
0.6528722771382413
0.914848782791379
0.32166031706379794
0.11347195151224328
0.33125032396022663
0.6374073424353303
0.9635320691030438
0.5313474855709505
0.6451501196735492
0.7719672522338977
0.3480539426406146
0.684489053587531
0.6317541283068128
0.8876251559146144
0.16335084342244918
0.3606460241510431
0.578490603732238
0.6393452759266874
0.6208186819593277
0.1557562482571457
0.876457054670635
0.45822723356305584
0.1418485150251581
0.8751807147260563
0.43826276628580174
0.10364014275119157
0.34990891017940773
0.4448016425256734
0.972031252333746
0.7827787001521014
0.5108176743758632
0.6339241921466184
0.05916616714645721
0.007826337105619448
0.5888301107031235
0.5851820809394039
0.8413083991806638
0.14598876325044438
0.11141683002954014
0.44539380140518414
0.1926632847242896
0.03409288916119835
0.6813800757500476
0.6724390869080209
0.4320124607776306
0.88660234695522
0.4549224687671812
0.542403604181471
0.9412625189370095
0.9950922726650965
0.6527493015407497
0.565056538603185
0.8616518058269834
0.3172244344903167
0.7926403506839345
0.036400535987432786
0.275979458068224
0.5317670151418232
0.38006925036387734
0.261814608126528
0.42428263650699194
0.5188637778462472
0.5428028240196064
0.9781480218982561
0.5858542339377592
0.7195868561225129
0.4040710215368566
0.6398495976454691
0.48609328770790655
0.6085544957654988
0.5024075427549082
0.4278028578289538
0.5209376613215501
0.5834178284936757
0.5032367333706758
0.6393334629895946
0.9232027847520468
0.7978787135271651
0.49634629783455086
0.711549025340981
0.27269031126297144
0.35759191211251523
0.29364671653609614
0.4418389575786866
0.7013834769660728
0.6563965068750018
0.013102498283055364
0.6022454970884205
0.5217637846891384
0.6887673814984663
0.5564865560115175
0.12948816337376662
0.5723942699834667
0.02977934928560751
0.11276053068556097
0.4806201511931365
0.22607709551990587
0.4396537764121734
0.06062480616718361
0.6924887123036703
0.6025865943449508
0.5314680769106271
0.2524809746064484
0.801613136853187
0.5848518332208451
0.3887749572458228
0.6040552392342967
0.9652200332562815
0.6347804960337216
0.8283727785334104
0.6698232211782358
0.3051765892824507
0.9470416584822182
0.5590659704609277
0.010899493973018651
0.7278473526941274
0.7025573693872038
0.1832976735481701
0.9374522703105321
0.6304568288774582
0.46792737762428455
0.5313588997033957
0.04004941429860221
0.3282021974041212
0.22678771761718547
0.10079546257965422
0.29023015025407545
0.2764985828714877
0.4836016939011964
0.5485044104054582
0.45058155439977177
0.32028368114750516
0.8366498482975685
0.8116237276561221
0.17260192553388107
0.8181875709842539
0.029566761225393406
0.19015015856292924
0.3450020661416719
0.972496607591006
0.41769045301844954
0.025839940558485725
0.6048213769556726
0.4720061202610653
0.9830510837189349
0.4295414100226475
0.855525434844459
0.850851857561556
0.7532475040395824
0.5829906310393305
0.06091917836967869
0.3132305084277107
0.4783604604052681
0.6086922149239294
0.846337716662369
0.5141499263859127
0.6592286489275389
0.3688903369043508
0.41287912892163886
0.40807614887971283
0.18607040820759718
0.7372846865272304
0.5961771063211004
0.03155675953453496
0.6425617516892432
0.6034008908508208
0.31125944711660186
0.08581284865558425
0.7014519374470792
0.04487667786867796
0.3393518424876268
0.5081342557010952
0.6828619129058475
0.6530659835522084
0.23736465585832967
0.5387572241099102
0.3647916940722884
0.5225504652912131
0.46287663073023155
0.13985970945005619
0.2220825888897689
0.10731052829370712
0.2676042749460002
0.033822815241255716
0.19302758791262892
0.9964072736320408
0.3562689051781621
0.6283982586883269
0.8184879316782034
0.15511512383395204
0.32292721686122433
0.2921453859778415
0.6512917802652194
0.17655420738704952
0.1371234540667631
0.41932705068368953
0.34558669433739
0.04429768348401017
0.5034526462840868
0.35622219280547457
0.7740700718199265
0.480063716574379
0.42119152334104426
0.3836031208651643
0.6089166692871867
0.9018683546887983
0.6466494641953795
0.7869125095730275
0.4487818593129229
0.18660528532875417
0.4018435757261619
0.6191556963303007
0.3854711238275736
0.5721338892432853
0.45017020705932204
0.5585440267116263
0.45896224938784397
0.3812258297969064
0.07965046348851662
0.30561106712463965
0.0023652712590660654
0.42224907561769387
0.47520229202025277
0.3335678994940257
0.929889259126245
0.3630899308100213
0.709448829813703
0.9765358929761014
0.13156302942835088
0.41979647549925186
0.29664138512530486
0.4207377952175629
0.48695083076901574
0.3356242873347342
0.4543682129717803
0.9512211541910928
0.05571269949031115
0.5498035272448325
0.18980117826135706
0.5870267779065511
0.7947102160412105
0.42556534737006807
0.4759392915275215
0.15581955019022087
0.33169628191685885
0.5335331720389906
0.7925899406729019
0.5085501358882334
0.42008764819900996
0.15854356729620028
0.45071332771271316
0.8022802687409517
0.5211863958205953
0.35338089349744617
0.13152628940724964
0.9715014474470206
0.6849442055013719
0.1997594234225178
0.4835768873637529
0.22999728722806823
0.531522914534821
0.5337846086899285
0.9372860626019369
0.29387198295148137
0.5560648088670697
0.6442229906724845
0.8600967688770373
0.19598306301542107
0.6500432791662505
0.6168143785285992
0.6571737448105084
0.7075980647345087
0.08716271796474023
0.34987311747914857
0.9748207016665695
0.002774507191184883
0.7054532194846239
0.8891138782796623
0.6755035120795636
0.814693732179968
0.26149926646613775
0.051845565694887796
0.029808499239577135
0.6735674051567512
0.2168250356125779
0.3602240163460509
0.5551316944818266
0.22048436745196143
0.3161868628928728
0.23383829538574433
0.3496512847678699
0.4118273060123469
0.6230149369000882
0.6222860877613677
0.03555691711285329
0.492999900257421
0.7911589014173757
0.9585060830929829
0.5126392815584168
0.8946668547053406
0.7957120725645751
0.9268961249620961
0.4313731124180989
0.5445368956611786
0.3256985163931444
0.891758756460293
0.6566266673585921
0.8830768865616128
0.07192451374967734
0.8285772150331729
0.8679983406211351
0.4726820328155696
0.10836980557777161
0.31089945288933796
0.023812557947210974
0.42195931158855793
0.4945178553800483
0.5755547453155261
0.1656188359888877
0.9642367274955873
0.7159360826438028
0.12498915852407487
0.43168294855750455
0.1663990841562855
0.24425814681566652
0.5427685677136044
0.7076439047104918
0.15501775397420317
0.8353992380513279
0.5036896174054872
0.23371971570925223
0.7818174256649467
0.3273319510502761
0.7167989814023594
0.514226863620174
0.7047701867038114
0.5121016370801458
0.6102761956584457
0.6730406005409706
0.45976327131046585
0.8043829137653432
0.41573676454019226
0.46019235693547866
0.5283723856290429
0.5385212696288519
0.8738518832673343
0.21731304127505663
0.2640885934567387
0.37392743509522186
0.991914163519554
0.16330139645334707
0.8415094433780075
0.7359824424990759
0.6842037132774342
0.6458520442511209
0.3168432592808024
0.5952745694535249
0.8824428369519999
0.8636519448020225
0.9224339889352289
0.13283552998571574
0.5835213486713079
0.0048641568702110245
0.4461382466821698
0.5269372318692792
0.2104983130973958
0.5033292114088472
0.11967087481758534
0.5631619716896608
0.5689527342255312
0.07224488007286975
0.9491470093188777
0.6607439291650399
0.7873216698151179
0.9372753491826777
0.5961992728038881
0.5039178225835124
0.4107949693950947
0.6026602788430075
0.25462067642762504
0.8354146699245102
0.4955085157930577
0.1624280217055627
0.09876821409324195
0.6736583361792298
0.39143384900619993
0.5959080264347976
0.12154784554093268
0.5248095828280633
0.051237768321209735
0.5573386474563062
0.9626444621426116
0.4707416900442254
0.43288181801592046
0.10884784559321513
0.6403419566545545
0.4675752598063373
0.2245678359373412
0.3097967958605458
0.7794202024745084
0.6161268950660481
0.17287165821647954
0.5086199724080244
0.44733000911384596
0.7560756572709494
0.45018491242276454
0.034438019165220594
0.30292833830377275
0.8140212675889982
0.11821105052943245
0.7833267717678474
0.6277255709731847
0.2689450488595991
0.05715757090798088
0.35435849647273704
0.9584117417983019
0.28188145922228225
0.35603900580130887
0.48462221862166377
0.8731647873053556
0.7301562974677103
0.3863704945621699
0.40531241591674483
0.22860362068913617
0.33460401648060334
0.3655015934374846
0.5657809150944636
0.9880040254877608
0.8800080113365749
0.8338036418094217
0.4556260451589524
0.6264793201458938
0.5393266098236761
0.05111287618125918
0.07694989282909542
0.3582243198285753
0.27488904582314694
0.9015357548297995
0.8405580548128844
0.6633120309816345
0.09292475304249484
0.40380714808396095
0.8748695448025728
0.6615428902715389
0.42204282469202364
0.4737901117114121
0.42995957177425354
0.41032526526898594
0.929815975263009
0.5087111013459641
0.04643082147119078
0.7254864772747847
0.20866658784441208
0.7545859262339584
0.35163893186407075
0.39478313145918115
0.39938055647978976
0.8624688150504946
0.8839092119943328
0.8592282947000128
0.338524796047455
0.7400151916804991
0.8185408039372428
0.4077419994251339
0.19590821819835988
0.32742977959883646
0.8993784646866368
0.4630496749356085
0.44977023454461873
0.4910757230730272
0.213205445083759
0.20494684350606507
0.4423911393803155
0.2260915656907086
0.884387506043642
0.25680462906615825
0.7409423551724668
0.8419409328381905
0.024417662232246395
0.33482169534883316
0.4189725902747019
0.15834408781409579
0.48643355281065787
0.9879236120238347
0.8602460749894412
0.3667975233568115
0.5544612457094212
0.34376547086408404
0.42936834085913284
0.5593992035591803
0.2880729815508388
0.29848843483131937
0.9172560411507052
0.2869138138192704
0.33704679776639723
0.77608391441261
0.10102579102404997
0.9032493877793712
0.6177295316028683
0.7154047052537403
0.6105927707473925
0.6143583669533539
0.9471775662013433
0.45404405752019034
0.6209441867007932
0.28528420409751515
0.3335149096933218
0.12756164139796708
0.7410770538678634
0.7517591614369352
0.5205530802823495
0.49431347461579456
0.45467533220126405
0.008305356700648907
0.7905814003537412
0.5067370656697566
0.4968804241608707
0.8611543736197991
0.4751041065358126
0.37792121570432924
0.7433287895065904
0.9145608917765818
0.7494825532073779
0.5561554370400001
0.43964034689264964
0.8173276433615922
0.4287637857187648
0.792064609227002
0.06480783960793711
0.3723729568318073
0.9931045333034574
0.7978743061574145
0.9472950811922431
0.8094378814626051
0.7070936407657951
0.4127616485870465
0.22806623876148244
0.7872693414492876
0.7801577494154978
0.2659977475377132
0.32600409349642884
0.6909369380251462
0.8218934988559506
0.4726929045507493
0.6326319019294694
0.8659170161859515
0.39873023814896275
0.5974427343631106
0.5459379331514302
0.3435328366306886
0.6635436320587605
0.5872932437620377
0.8985333633725233
0.9905311709933314
0.5281630561693206
0.5998050408431413
0.4133052035303256
0.06858034406011375
0.3366271215414695
0.33165288680481786
0.3300523444560948
0.4111950544207683
0.20864918872632018
0.33223075374113076
0.8577853235049924
0.27376831462445134
0.5128779205922529
0.17265198356315564
0.30339180827361467
0.9704541047252434
0.46839671710097364
0.9231092053590252
0.40149066216729407
0.4750419870242085
0.6328879658120325
0.24929269189907843
0.7019938437874187
0.5652176306995201
0.6385429229796373
0.3729437199906085
0.708713755281539
0.9454120887192342
0.9663057110623825
0.8334943177356509
0.013877495902437047
0.03981242992443255
0.48067587387680616
0.06463917487659786
0.3954343282199158
0.0121929059496386
0.04732821312012721
0.08410434387451396
0.6002788854569345
0.6485441101444189
0.19459152976841843
0.7003204787374765
0.983167221291682
0.22129304317468546
0.7823320800093134
0.6431930951226215
0.017552875143499423
0.8860533739100195
0.10561095527001066
0.4072870210314779
0.2834330715453209
0.890623963815292
0.4678934503469301
0.46783571867298795
0.3443137058421209
0.49563135678934844
0.4853548800648755
0.7134594805636575
0.8805889929643373
0.16024623389001694
0.00831154960510258
0.4575646433187598
0.8108119253357324
0.9860947442118119
0.6218132217392139
0.9605530497126009
0.18521212970422546
0.7144517952028984
0.13390807016302617
0.2715078896571713
0.3852403147310592
0.2574713332481029
0.8999155554536312
0.45422623951499175
0.7428604894609743
0.8963318028577758
0.2636905634824456
0.9178925703403504
0.4638442174521749
0.649837097941924
0.8469835455596374
0.8215069235158243
0.4621842065582382
0.5607874850880523
0.8488988096176535
0.580672563091962
0.7562378186372316
0.03782689509410562
0.29060530334872153
0.5514084705444995
0.2919253888934592
0.608906957251575
0.32256125013617504
0.1675072380582367
0.8344416705341001
0.7526323864773372
0.2521140305274996
0.9109493734194876
0.6286697078849662
0.9022544074405515
0.5019492385667789
0.6404217143478786
0.542850993933269
0.3781469660814338
0.017423781755681596
0.4289231274810399
0.14633789585987939
0.4496179095523052
0.22536993510204117
0.922334396092922
0.4893731919136696
0.5129987761895146
0.002122128379036256
0.9322560929293257
0.4592040296369402
0.13622236929649947
0.2305782666516154
0.3454892583861072
0.604762254366335
0.1898869459781555
0.4969212255556741
0.04146198079570744
0.10155258425029594
0.2355661065735852
0.8738718889646526
0.4231423141486992
0.3757543083399351
0.5090745807648519
0.5111174229895161
0.5481417902162264
0.5775769633030192
0.48960747078570444
0.9581638903668203
0.13423150605396938
0.5649669230717943
0.5654820447741918
0.012070699474762135
0.7837413011169193
0.8484917272869139
0.21314350994454184
0.32836629929786637
0.15357024130087887
0.20520652307718917
0.7127062752938248
0.4299434994773909
0.23908670016623898
0.333565611074332
0.5356795423414772
0.11018400018716411
0.9244057409858409
0.3297100601438772
0.5968724366369129
0.3845371151413394
0.4956672549396498
0.6016223078184378
0.9746726392957084
0.0919984770748023
0.45832855106830367
0.20135123611904748
0.2583004762937668
0.32584466166179604
0.7912002943906636
0.3083520580481726
0.4208718388474191
0.9863070234909073
0.45245352195541455
0.20401272315975932
0.0882864190553619
0.19348302290513225
0.4902453465827872
0.6210863104704679
0.16147102134754535
0.332047846935691
0.24026772436276198
0.37030146051098534
0.4903824109326173
0.07252799857334775
0.5684005750284309
0.21177672772312844
0.2122323496984618
0.5908605713877408
0.9325298510785401
0.8400540498773743
0.1548583379767078
0.49840470818647203
0.14320083531530556
0.83599164032846
0.2960827532127527
0.8766875480475912
0.5017076088143337
0.4142982874200771
0.1110353093130083
0.5831518090187346
0.1310153923512273
0.4235922373507785
0.18227337306323899
0.3613747422566724
0.1108812311693126
0.24045125986865673
0.575525249725209
0.2323998460335244