0.2511790860841861
0.5480461394157989
0.49323071221643483
0.7600419573275491
0.9192599099772847
0.506560570263099
0.9999914399356763
0.2286623266153852
0.8526782656135891
0.6244127061017193
0.9765364954663055
0.8779972949845798
0.6977758531512718
0.4423613950616254
0.020069237019881486
0.07395241977266916
0.19876830456871414
0.8621986417140799
0.5291327729708851
0.9994493353027009
0.08627714947284365
0.8515780495871826
0.1363410777859664
0.8789947099758123
0.07143641126399491
0.9313232236248168
0.5745467846047707
0.8919017578422951
0.34628908229109123
0.5828788420844373
0.3298306864739244
0.5293606886604724
0.5583546281178471
0.8936951209788829
0.5438969638865082
0.1623402986425258
0.9771112964550852
0.9908017538830263
0.19250275680588858
0.9963233862557808
0.23535491158318114
0.9863594256549851
0.9894869087135105
0.7997570582957627
0.24266559255534087
0.9972897916238097
0.4509789526148792
0.9764156717253611
0.9822978906881878
0.21173245519698472
0.40915703502496625
0.25858442311321483
0.992333939558781
0.8668098923745646
0.23955656396519603
0.7340188140200701
0.5016789237703632
0.9763147618460486
0.3804460359347542
0.5180062029598035
0.7255554788690343
0.5124368612228326
0.8807644636430232
0.5008785368756775
0.9879081427992882
0.9899148474629963
0.2744274544437427
0.5445665778434517
0.6659543285394187
0.8718915896945686
0.5364267416278401
0.5371536184469743
0.828762018862437
0.924246882262946
0.686538376894789
0.9773139285188764
0.9856019459463755
0.1958050274940394
0.1511344268256502
0.40239920982524363
0.8512287989617766
0.9626900279397295
0.7274994143395466
0.4707383136641757
0.9739080084279543
0.9444667928664803
0.9861152663171707
0.6461686591631319
0.5417129276107732
0.9888116162422402
0.9583107540078558
0.9996934387071487
0.9849640141831106
0.7426151142123812
0.7106366009570154
0.9580876545914294
0.21781824605151698
0.9729156607124905
0.9867173054920149
0.5063193628195051
0.9799207598707377
0.4704523613353824
0.42085925646113265
0.9675206070312922
0.5832940834098238
0.928528701783742
0.16496313865170578
0.9931334880509478
0.8836904821191871
0.5397606781528301
0.1245244754485972
0.16621500287927124
0.10977918288740747
0.9127195449761398
0.9490707477863429
0.541599129737514
0.9901258591587858
0.9863614052516964
0.5321726511073553
0.9343410377507227
0.35840521118256347
0.029989060218246516
0.7133966439153533
0.38977804255196635
0.2888603586600839
0.15405014302962303
0.9954422645171529
0.814618328784552
0.9959795547857117
0.07986030129050146
0.9658894476904181
0.8192897683705804
0.16139695304034493
0.5935939718910959
0.9441711198870083
0.25554129697356015
0.2686451198998471
0.9998176738758294
0.5600819531591544
0.9539252065040087
0.15645554525887617
0.7128157001192269
0.9497059523731045
0.98080315610813
0.2455739129628549
0.7184248846467488
0.005533374493301739
0.3520242356948819
0.3522439125592515
0.9382138366440722
0.09649338875880074
0.01884460062550367
0.9791963132473277
0.15471698735715056
0.995451211542522
0.8945804607142858
0.5325742676022335
0.9935348904025695
0.8036868740902493
0.8898709523474593
0.9707563322603131
0.3145679386717895
0.6579207458131521
0.8021203634732995
0.999563198996493
0.9870925538475569
0.9148079609941668
0.3543360967600318
0.9942001118352829
0.9871486448204784
0.18938761000290183
0.986135951294082
0.8068991226935653
0.8563062010965764
0.09618710684569028
0.7623217275293989
0.26975191062157594
0.4409472618279821
0.9347978981222469
0.9771252740848877
0.41976967508096197
0.9946019782960525
0.49603104032584094
0.5957110876940424
0.6129500135337108
0.8632156752137785
0.8956033854964771
0.9178132354156244
0.9741892751137617
0.11022606175904631
0.8528698622104848
0.3030043112824664
0.4143978256415602
0.9405686790270232
0.7327792693120532
0.17295664717471498
0.9828039591145432
0.6823825187765084
0.980664006602127
0.34878842567433865
0.996136533269882
0.7726225856551274
0.9952022907171695
0.9957002547990146
0.7214389170221058
0.9605570269300177
0.3201410704664744
0.8335712644364476
0.7812739718900181
0.9028520274252825
0.6782201916325291
0.2177005801942327
0.9280133817097855
0.9086603087859071
0.9999272251945583
0.2690497167013017
0.6423883994432161
0.5587650690159273
0.9853981075544839
0.9344164028340176
0.24809955336756134
0.9479744106049027
0.9934104733372802
0.7394279173621678
0.2676033402364523
0.10496947746855044
0.638868841833559
0.7399586248960186
0.8887759677182265
0.9884982098930492
0.26191514134952143
0.999321874800244
0.971820098603928
0.23361011215315733
0.9750781041586721
0.40995699193546337
0.9398207325214485
0.6781327389089963
0.9837668990387546
0.8931859468620716
0.8146843721159275
0.015127141393194463
0.05921424686506009
0.3269537965495852
0.3509512354798107
0.9900157703526888
0.7434292141002474
0.959701626674954
0.6802003068874635
0.9481608306021707
0.3174654737856542
0.6241520681994315
0.9838205208792452
0.20853396137417143
0.3426081338194351
0.2555694623111226
0.9610347469883126
0.8659306193618503
0.7318890039019224
0.38754904253724215
0.3072198654246525
0.9718251327783433
0.5528484565889297
0.8714669448808191
0.7504212471782036
0.2906058222773806
0.9972034245656641
0.07970355167932844
0.7438967755074324
0.2361446174601504
0.5538037576768496
0.8082741456735739
0.9774028202687173
0.631846979294816
0.8673768403087574
0.3330727390623552
0.0697754188286728
0.6055468134201353
0.4574198906042778
0.9036959177853886
0.9584345691423927
0.2505490186103092
0.7044491826992803
0.3627927542895251
0.8003837624975548
0.8912672267476419
0.6425469812297538
0.12508497448990666
0.9671942734150597
0.2716847175852129
0.4550099413468424
0.8965732208390989
0.9873596393318408
0.09607832840814527
0.4416453216484726
0.7972776783941459
0.9978772142790013
0.8063481979533299
0.7283858722009316
0.1326045131034147
0.5383518714001023
0.13529553915448644
0.9907797477297932
0.12665483554157494
0.7538732639893994
0.993600744262163
0.5671664730123035
0.8548779532755524
0.3511846728470868
0.99859851618324
0.8120057745644377
0.6989608553200122
0.037915179691390716
0.1622986330644525
0.9702739826207106
0.9959412827915979
0.9707776309781501
0.46504045030921226
0.3697311364649193
0.777415180120589
0.28339191519977563
0.8020812557745489
0.9544866064039296
0.995695574708642
0.8520976353319497
0.8487777474352197
0.34336231681258056
0.977846698925455
0.9666408931899902
0.26219705023007767
0.27744175801809134
0.6002239290179295
0.9065606204193118
0.9997778660376697
0.9696874168386919
0.9472710966749301
0.5236853424635556
0.9056006040926059
0.7597350846556925
0.7537458554479282
0.9797045229292652
0.8559341812061464
0.993029548563532
0.7941070205577343
0.861723024394296
0.97395407301376
0.2623449270556031
0.06564067649814367
0.38435710267284506
0.977496501621695
0.835086527534582
0.9350395247582682
0.5623890622879283
0.3481866069865216
0.8036448143447673
0.7877567941171265
0.9996685701726202
0.39329638608420614
0.9936678141465844
0.41172058103115844
0.35707226702556444
0.8933361469268976
0.43837960256746916
0.2636632726322479
0.8087314497005648
0.8614034196763466
0.9964154604531616
0.5004969609389591
0.8183243886821358
0.339301167811291
0.7672156553037217
0.46829066961593036
0.9254737477824077
0.5482250783572705
0.9998410906283959
0.9449439142835657
0.13580642845246557
0.42269281190886343
0.7566084497186023
0.8472115362064219
0.9075808454526805
0.35537275674456714
0.6470860265020106
0.1504574419104433
0.47123776907944925
0.9805066533579749
0.4493545418374581
0.6783479205732311
0.9908451477802156
0.2878248150465792
0.977310554284502
0.8487509941066507
0.5380614990393898
0.061288373248498416
0.9827824620517123
0.4129300435694712
0.9894012398825678
0.9349184973306605
0.9840295873154192
0.564459402266183
0.8392290156957251
0.9502968055196077
0.8756322717020332
0.8420977256764806
0.9438958065331734
0.11736851804058006
0.8777776676095546
0.04007651203123931
0.5091649817190996
0.6351189491489072
0.9801056250327956
0.034994147389480076
0.2818882767260106
0.8928238359664075
0.5512560667252199
0.374628663400481
0.9880996127380324
0.8364117567190885
0.8931871121736779
0.868574931285883
0.2056739244561719
0.9014907197110757
0.9565520350002035
0.9971374895030515
0.868937423084105
0.07105643110778613
0.41565190203835506
0.8638652170111627
0.5724844874601774
0.7573318108433237
0.5219768208353897
0.10604294476843927
0.9732013093772679
0.27414986498439875
0.894819196374651
0.874870649919272
0.8821908433000614
0.49067233605439053
0.1840079537286763
0.20965136939970522
0.9571151280759684
0.01627083514055148
0.48067602317856345
0.9839949653298374
0.5909643526259755
0.5197739312382517
0.9928217576659402
0.993994470934533
0.7585730209860225
0.4390561906175085
0.7152976611524394
0.8522498487705853
0.8437377776459662
0.9947199700252086
0.14969280963710369
0.8049467755195032
0.9824021436987121
0.6368734408937017
0.9942764274386944
0.9614382638117684
0.9258814693570293
0.98943425019525
0.8145021022566022
0.2001954674602747
0.09333929644471847
0.5819933460820788
0.9491507623635381
0.9471672460491338
0.7406186925118834
0.2716633997715053
0.9636891287780931
0.19614274174055202
0.43285935221623006
0.7364545819596828
0.9774091066134208
0.6698482750135977
0.996024631726892
0.8943628936029038
0.9167814409140481
0.9866974042207927
0.6159030594418148
0.691226418051335
0.9880943589308063
0.7838994691554614
0.9512058290358574
0.5463122724395946
0.9442708613047794
0.38941401456214436
0.3177159274376451
0.8380609240959029
0.32290532597383237
0.7144043052855682
0.041990870521186496
0.16523631201963587
0.7519209689505091
0.04844713564305177
0.9162237158740423
0.7281137460290412
0.973807005307102
0.6972370547448641
0.36226843924951146
0.6421881090379297
0.8891750352236927
0.9981349346432409
0.5525049388912014
0.9837889529559684
0.5023694742238888
0.2175642674239201
0.8331278480679591
0.9042903471062175
0.6653047386957683
0.2753253928132997
0.7905834851947573
0.8481620182266136
0.1564706111125337
0.9494550722030135
0.8860478328326443
0.7327599911683313
0.6454726430810243
0.5254711850506354
0.5160055160147207
0.949539972237897
0.2860744496747138
0.22646068073869924
0.8733907740962039
0.9524777602205698
0.633884743195541
0.7177980582465192
0.7922699110318889
0.0764437593408228
0.3085617548140778
0.8818393569758661
0.8400365501532198
0.8463748151745764
0.9071052859014224
0.9612799058721108
0.9708975642540448
0.9893400473033421
0.23825732326791452
0.476928279296055
0.9831687353870023
0.8654389940498347
0.33900968257545744
0.9321842683690423
0.7638890875631796
0.4994530688001755
0.4773482016076276
0.8813119775678375
0.7189379532723156
0.3912171088570563
0.2750005381419739
0.9036265238150254
0.4367778013941107
0.2205464954200167
0.916679364815088
0.1857013738975623
0.1343961706382035
0.43952333045746506
0.8039383680326011
0.49618361685520745
0.9692394125196168
0.039970237688597345
0.4353114251695666
0.8521093510937903
0.49511963390138025
0.9488052070038835
0.5296764385297729
0.9990157093933933
0.2410205514636144
0.717233103086755
0.9783823822031527
0.9316848181182308
0.6265371089276933
0.8993185851639182
0.996502677453764
0.2568454953313754
0.8295884694562047
0.4096343482071506
0.9873008666075752
0.9916068164026444
0.9497720268686386
0.7664105289303893
0.05230396982444249
0.7908160028589295
0.004140482880850813
0.8961715365079219
0.9687356973316111
0.9915876616359717
0.9817719044326475
0.9984423124380503
0.6614980660561505
0.5942649665948492
0.458062461042867
0.9861204499573049
0.6054156803836794
0.5204072016919781
0.08519536875348614
0.9014167695349463
0.9694222793748585
0.9543120212295539
0.9383123045967152
0.02616755812732958
0.8174739560953418
0.793742917337567
0.24153512355117288
0.24435271127668404
0.7025279460612723
0.19628329234756445
0.0008509814250397276
0.9840228597466415
0.8156016585061884
0.04478470388188823
0.8268130308771414
0.7719833579449028
0.9862095373649772
0.37561250194600004
0.7980765043722116
0.965964714090816
0.8294249719853628
0.41407626399593295
0.9926474107888809
0.9892541306422493
0.9547502278981053
0.9567902133111664
0.47891820663862994
0.8708880368578512
0.8426552142298286
0.8739701855093686
0.6996591755647958
0.250530827986171
0.9468009990905911
0.8660196641038912
0.22842709795511607
0.9969694574645835
0.35248864123417395
0.9992539497468449
0.43691842203438847
0.7855472065230946
0.16302234433606427
0.6041502125814174
0.9882370777866306
0.8778563294403147
0.08434556367028856
0.4485653403765197
0.6454028859956101
0.7447069936348635
0.5395520494584015
0.9742283670289992
0.9261297838554668
0.040427459021096714
0.9995996266578361
0.651032679160606
0.5516360749200524
0.7668789977861619
0.11770054759264632
0.7458781619472034
0.7571212501075327
0.17756385902853933
0.5750538431970106
0.8957377089215304
0.35951437018764365
0.12158422744827188
0.9797414312126433
0.9995782107838029
0.8488397160138298
0.9317381527749674
0.5761552641174719
0.973282882806188
0.19806295062196258
0.23343812525585095
0.10322396487353669
0.9400378923877529
0.581365937220732
0.8333460754606202
0.6552292648461363
0.9980616510502481
0.9321038597591376
0.11024093185918644
0.5965527901033102
0.42942852009835075
0.9084543354443337
0.03330781922229232
0.7146802121451183
0.7939963729771595
0.9563682052563646
0.17289966818021515
0.05515907538330171
0.3423515056442477
0.7724013264122236
0.5126205860069315
0.5651200632707718
0.9943378826346225
0.973945025473839
0.72517021391842
0.989582839739102
0.7909781210010113
0.9553377300192942
0.4929492527345954
0.8733006192240237
0.638183236356213
0.6562749078190514
0.5173384826639555
0.8999569490832116
0.7426699752277429
0.7377867833851305
0.9407266223074859
0.24080432476527838
0.9568503283647523
0.9938242024825842
0.7811797659036983
0.6548125409982813
0.7173044798913855
0.9948598885302825
0.996045112414864
0.9787989306131833
0.7739843946561313
0.7714314303267689
0.9732366348120146
0.8511717421702999
0.43327214341321996
0.8324174011479356
0.7145888193665727
0.16160049469423504
0.5698020943554494
0.9453455475515509
0.9902801959106208
0.7868927599222431
0.35609843201050795
0.3859182205112029
0.06315640355218817
0.9798812820082032
0.9552692701114814
0.8520865642040246
0.7537696282095068
0.996635052519321
0.9108557275954007
0.8507947871492256
0.6224778774266396
0.3301615886871017
0.8768166575852663
0.15071144634912195
0.434336970676475
0.8684933991584609
0.7222990278305113
0.30200251431475317
0.9547508215729338
0.9255168159922208
0.3929845686728157
0.9697051835241679
0.9959342898347563
0.14520179972814343
0.048090494247760296
0.9284919597460273
0.7021094734757583
0.7257319432398978
0.8518453906602762
0.37956477280798373
0.9984245753289539
0.5869201688976934
0.8721291229119654
0.9747848468281062
0.9956824561351839
0.6273840620989837
0.881264707651865
0.0501386710025579
0.45495245754277414
0.17367324772808165
0.8639691009060047
0.9920330257270991
0.9953249608833555
0.1840414456247133
0.9889919114561367
0.7871454914210777
0.6512987231616305
0.17933294534780683
0.5624360315310737
0.9129437826398923
0.6642413052890053
0.831429728626938
0.8880731302182638
0.929182362777887
0.7454203222591954
0.586467451968074
0.1451929860939667
0.30407029044492456
0.8957159876338119
0.9832118862204631
0.41398237761397655
0.07370367507742173
0.8417579530788467
0.5097711162222183
0.8569962276402223
0.9534102685373269
0.9669846916998212
0.929272999701303
0.8612043403768982
0.1472375555155526
0.10987273163413439
0.5591749940866471
0.8594668637477435
0.9952538742622826
0.8264739735291312
0.3747900220699649
0.990391458567176
0.9720397893956163
0.8446389169221383
0.2094590926148403
0.49694646225763367
0.171425213466498
0.4001389775872997
0.4738809754578723
0.8630069259357855
0.867765803691572
0.943541590751124
0.6372369346918937
0.9832419230882293
0.3348145635660613
0.9685048282475797
0.9970254263521812
0.8890495914021328
0.7715313592228217
0.9347087784402204
0.8942373382888854
0.8050943975495409
0.16893118738272261
0.2274624664965891
0.6026605123683875
0.3835528845028464
0.7801031505997253
0.6583701666495999
0.6705393141711617
0.8610906387867886
0.251453162241226
0.9867533068680916
0.639937619067306
0.6978640241392681
0.28018522234688303
0.9994040876381746
0.9804407086097682
0.8795752522430632
0.8099587747348893
0.6700407259666084
0.9188185115083588
0.08243600199412099
0.4016510505308097
0.6271531829045517
0.775274121800963
0.6738242589383023
0.3654160529800311
0.9108983985811222
0.3774953786620154
0.4178057085277309
0.21013085937600007
0.9762794712859181
0.9961816083842423
0.9852085244446858
0.9545093401408765
0.8226807534157805
0.7930464541801752
0.4486236650057081
0.9953225268699398
0.26337058209490083
0.3928991343580247
0.11808380627077804
0.5952832550216426
0.8784040020159911
0.8992310538110598
0.7584084386910913
0.9031624791064622
0.8600673987105844
0.9452523425818706
0.5743125319799028
0.9475081177932371
0.8635263857547799
0.669773400204181
0.8475588880978985
0.614525668878986
0.9978617060080363
0.8888411269214371
0.8535873649470493
0.9046022410377629
0.02956807007895354
0.9665802220539494
0.23765000298920302
0.6202619968007109
0.3053359724254367
0.7120968902874528
0.9672374347385232
0.9278049745624192
0.8263311029752879
0.9558044979927699
0.9465380600165003
0.5220093220861661
0.13995458581833656
0.2972848848961777
0.7246134584482653
0.7475965926499393
0.9751051554824007
0.4302472528780682
0.3656897345616377
0.11215388711597526
0.9851136648466695
0.9104776681102509
0.4821388269336043
0.9931862114055132
0.5395708241642804
0.9900059649212509
0.8935111812412306
0.7283688175259192
0.9758594239200754
0.9693398991958795
0.42132465017665094
0.3934064280313297
0.9548378745660686
0.7755356655557494
0.8304005016199908
0.9626347233709387
0.20967783238498386
0.6359855860383157
0.9974467017353092
0.35857032532500377
0.3594973124539407
0.6217702709016989
0.29679619703646765
0.9891774812440808
0.7578311602020399
0.11620817595445493
0.8552447523833135
0.9988300987997965
0.10658123879068106
0.658814434868772
0.2423703654069731
0.5686331703201226
0.9874502478627126
0.2406492096010293
0.4972041593237465
0.49991022515801764
0.7729416141808202
0.18331045469011015
0.16599824541758376
0.9317661490161203
0.9064328493002465
0.9532730704134198
0.9822088669788382
0.7560862856379793
0.9560716778547156
0.6216729013914554
0.7349465662864707
0.508123134057696
0.08936848582426665
0.8639355175617937
0.14591995442603545
0.9461130028409119
0.16282682866761883
0.5717216106164899
0.8235168100936492
0.08849108050255784
0.5043474706150785
0.07904412788190675
0.017710230053373802
0.7631055400672184
0.9318487287527882
0.9913277125653972
0.5255346788101658
0.624954720302528
0.9298727472719086
0.6543706728300025
0.1894442068713692
0.8365909761275114
0.9162244338862346
0.2632030122384382
0.9464583654462819
0.08069159131688275
0.8997337805467299
0.5755256005704362
0.6565890274341327
0.9663705818856344
0.603460662749169
0.20739221235863972
0.987439646794973
0.6156086924301358
0.6461579658263948
0.17334208348350155
0.9288717515222291
0.7752458948879449
0.8050026986789359
0.8064723396229531
0.5672494429004913
0.06141994775894538
0.7599660173146701
0.7095822505944762
0.9615452425393434
0.8491700666308533
0.7124785591063721
0.12089451047146729
0.09586803683537443
0.46178107245252376
0.8481081167315051
0.19168164712627714
0.8062200054319498